ED,Reported As,Reporting,Margarita Lopez Torres (Democratic),Write-In,Total Votes,Margarita Lopez Torres RECAP,Write-In RECAP,p_Margarita Lopez Torres (Democratic),p_Write-In,p_Margarita Lopez Torres RECAP,p_Write-In RECAP,winner,winner_p
41001,41001,99.00,5,0,5,5,0,1.0,0.0,1.0,0.0,Margarita Lopez Torres RECAP,1.0
41002,41002,99.00,149,2,151,149,2,0.9867549668874173,0.013245033112582781,0.9867549668874173,0.013245033112582781,Margarita Lopez Torres RECAP,0.9867549668874173
41003,41003,99.00,164,6,170,164,6,0.9647058823529412,0.03529411764705882,0.9647058823529412,0.03529411764705882,Margarita Lopez Torres RECAP,0.9647058823529412
41004,41004,99.00,5,0,5,5,0,1.0,0.0,1.0,0.0,Margarita Lopez Torres RECAP,1.0
41005,41005,36.36,103,3,106,103,3,0.9716981132075472,0.02830188679245283,0.9716981132075472,0.02830188679245283,Margarita Lopez Torres RECAP,0.9716981132075472
41006,41006,99.00,81,2,83,81,2,0.9759036144578314,0.024096385542168676,0.9759036144578314,0.024096385542168676,Margarita Lopez Torres RECAP,0.9759036144578314
41007,41007,99.00,101,4,105,101,4,0.9619047619047619,0.0380952380952381,0.9619047619047619,0.0380952380952381,Margarita Lopez Torres RECAP,0.9619047619047619
41008,41008,99.00,71,0,71,71,0,1.0,0.0,1.0,0.0,Margarita Lopez Torres RECAP,1.0
41009,41009,99.00,59,4,63,59,4,0.9365079365079365,0.06349206349206349,0.9365079365079365,0.06349206349206349,Margarita Lopez Torres RECAP,0.9365079365079365
41010,41010,99.00,2,0,2,2,0,1.0,0.0,1.0,0.0,Margarita Lopez Torres RECAP,1.0
41011,41011,99.00,30,2,32,30,2,0.9375,0.0625,0.9375,0.0625,Margarita Lopez Torres RECAP,0.9375
41012,41012,36.36,61,3,64,61,3,0.953125,0.046875,0.953125,0.046875,Margarita Lopez Torres RECAP,0.953125
41013,41013,36.36,1,0,1,1,0,1.0,0.0,1.0,0.0,Margarita Lopez Torres RECAP,1.0
41014,41014,99.00,0,0,0,0,0,0,0,0,0,n/a,0
41015,41015,36.36,10,0,10,10,0,1.0,0.0,1.0,0.0,Margarita Lopez Torres RECAP,1.0
41016,41016,99.00,68,1,69,68,1,0.9855072463768116,0.014492753623188406,0.9855072463768116,0.014492753623188406,Margarita Lopez Torres RECAP,0.9855072463768116
41017,41017,99.00,141,12,153,141,12,0.9215686274509803,0.0784313725490196,0.9215686274509803,0.0784313725490196,Margarita Lopez Torres RECAP,0.9215686274509803
41018,41018,99.00,86,3,89,86,3,0.9662921348314607,0.033707865168539325,0.9662921348314607,0.033707865168539325,Margarita Lopez Torres RECAP,0.9662921348314607
41019,41019,99.00,0,0,0,0,0,0,0,0,0,n/a,0
41020,41020,99.00,93,7,100,93,7,0.93,0.07,0.93,0.07,Margarita Lopez Torres RECAP,0.93
41021,41021,99.00,158,2,160,158,2,0.9875,0.0125,0.9875,0.0125,Margarita Lopez Torres RECAP,0.9875
41022,41022,99.00,24,0,24,24,0,1.0,0.0,1.0,0.0,Margarita Lopez Torres RECAP,1.0
41023,41023,99.00,1,0,1,1,0,1.0,0.0,1.0,0.0,Margarita Lopez Torres RECAP,1.0
41024,41024,66.67,2,0,2,2,0,1.0,0.0,1.0,0.0,Margarita Lopez Torres RECAP,1.0
41025,41025,66.67,24,2,26,24,2,0.9230769230769231,0.07692307692307693,0.9230769230769231,0.07692307692307693,Margarita Lopez Torres RECAP,0.9230769230769231
41026,41026,99.00,0,0,0,0,0,0,0,0,0,n/a,0
41027,41027,99.00,4,0,4,4,0,1.0,0.0,1.0,0.0,Margarita Lopez Torres RECAP,1.0
41028,41028,99.00,163,1,164,163,1,0.9939024390243902,0.006097560975609756,0.9939024390243902,0.006097560975609756,Margarita Lopez Torres RECAP,0.9939024390243902
41029,41029,66.67,0,0,0,0,0,0,0,0,0,n/a,0
41030,41030,99.00,183,1,184,183,1,0.9945652173913043,0.005434782608695652,0.9945652173913043,0.005434782608695652,Margarita Lopez Torres RECAP,0.9945652173913043
41031,41031,99.00,199,0,199,199,0,1.0,0.0,1.0,0.0,Margarita Lopez Torres RECAP,1.0
41032,41032,99.00,17,0,17,17,0,1.0,0.0,1.0,0.0,Margarita Lopez Torres RECAP,1.0
41033,41033,99.00,224,1,225,224,1,0.9955555555555555,0.0044444444444444444,0.9955555555555555,0.0044444444444444444,Margarita Lopez Torres RECAP,0.9955555555555555
41034,41034,99.00,4,0,4,4,0,1.0,0.0,1.0,0.0,Margarita Lopez Torres RECAP,1.0
41035,41035,99.00,85,1,86,85,1,0.9883720930232558,0.011627906976744186,0.9883720930232558,0.011627906976744186,Margarita Lopez Torres RECAP,0.9883720930232558
41036,41036,99.00,73,2,75,73,2,0.9733333333333334,0.02666666666666667,0.9733333333333334,0.02666666666666667,Margarita Lopez Torres RECAP,0.9733333333333334
41037,41037,99.00,164,1,165,164,1,0.9939393939393939,0.006060606060606061,0.9939393939393939,0.006060606060606061,Margarita Lopez Torres RECAP,0.9939393939393939
41038,41038,99.00,198,0,198,198,0,1.0,0.0,1.0,0.0,Margarita Lopez Torres RECAP,1.0
41039,41039,99.00,155,2,157,155,2,0.9872611464968153,0.012738853503184714,0.9872611464968153,0.012738853503184714,Margarita Lopez Torres RECAP,0.9872611464968153
41040,41040,99.00,134,0,134,134,0,1.0,0.0,1.0,0.0,Margarita Lopez Torres RECAP,1.0
41041,41041,99.00,125,0,125,125,0,1.0,0.0,1.0,0.0,Margarita Lopez Torres RECAP,1.0
41042,41042,33.33,4,0,4,4,0,1.0,0.0,1.0,0.0,Margarita Lopez Torres RECAP,1.0
41043,41043,99.00,142,0,142,142,0,1.0,0.0,1.0,0.0,Margarita Lopez Torres RECAP,1.0
41044,41044,99.00,1,0,1,1,0,1.0,0.0,1.0,0.0,Margarita Lopez Torres RECAP,1.0
41045,41045,99.00,138,0,138,138,0,1.0,0.0,1.0,0.0,Margarita Lopez Torres RECAP,1.0
41046,41046,99.00,207,3,210,207,3,0.9857142857142858,0.014285714285714285,0.9857142857142858,0.014285714285714285,Margarita Lopez Torres RECAP,0.9857142857142858
41047,41047,99.00,241,2,243,241,2,0.9917695473251029,0.00823045267489712,0.9917695473251029,0.00823045267489712,Margarita Lopez Torres RECAP,0.9917695473251029
41048,41048,99.00,88,0,88,88,0,1.0,0.0,1.0,0.0,Margarita Lopez Torres RECAP,1.0
41049,41049,99.00,163,0,163,163,0,1.0,0.0,1.0,0.0,Margarita Lopez Torres RECAP,1.0
41050,41050,99.00,139,1,140,139,1,0.9928571428571429,0.007142857142857143,0.9928571428571429,0.007142857142857143,Margarita Lopez Torres RECAP,0.9928571428571429
41051,41051,99.00,60,2,62,60,2,0.967741935483871,0.03225806451612903,0.967741935483871,0.03225806451612903,Margarita Lopez Torres RECAP,0.967741935483871
41052,41052,99.00,3,0,3,3,0,1.0,0.0,1.0,0.0,Margarita Lopez Torres RECAP,1.0
41053,41053,99.00,7,0,7,7,0,1.0,0.0,1.0,0.0,Margarita Lopez Torres RECAP,1.0
41054,41054,99.00,123,1,124,123,1,0.9919354838709677,0.008064516129032258,0.9919354838709677,0.008064516129032258,Margarita Lopez Torres RECAP,0.9919354838709677
41055,41055,99.00,235,1,236,235,1,0.9957627118644068,0.00423728813559322,0.9957627118644068,0.00423728813559322,Margarita Lopez Torres RECAP,0.9957627118644068
41056,41056,99.00,1,0,1,1,0,1.0,0.0,1.0,0.0,Margarita Lopez Torres RECAP,1.0
41057,41057,36.36,14,2,16,14,2,0.875,0.125,0.875,0.125,Margarita Lopez Torres RECAP,0.875
41058,41058,36.36,121,6,127,121,6,0.952755905511811,0.047244094488188976,0.952755905511811,0.047244094488188976,Margarita Lopez Torres RECAP,0.952755905511811
41059,41059,36.36,77,4,81,77,4,0.9506172839506173,0.04938271604938271,0.9506172839506173,0.04938271604938271,Margarita Lopez Torres RECAP,0.9506172839506173
41060,41060,33.33,4,0,4,4,0,1.0,0.0,1.0,0.0,Margarita Lopez Torres RECAP,1.0
41061,41061,33.33,30,1,31,30,1,0.967741935483871,0.03225806451612903,0.967741935483871,0.03225806451612903,Margarita Lopez Torres RECAP,0.967741935483871
41062,41062,33.33,22,1,23,22,1,0.9565217391304348,0.043478260869565216,0.9565217391304348,0.043478260869565216,Margarita Lopez Torres RECAP,0.9565217391304348
41063,41063,99.00,215,2,217,215,2,0.9907834101382489,0.009216589861751152,0.9907834101382489,0.009216589861751152,Margarita Lopez Torres RECAP,0.9907834101382489
41064,41064,99.00,9,0,9,9,0,1.0,0.0,1.0,0.0,Margarita Lopez Torres RECAP,1.0
41065,41065,99.00,2,0,2,2,0,1.0,0.0,1.0,0.0,Margarita Lopez Torres RECAP,1.0
41066,41066,99.00,0,0,0,0,0,0,0,0,0,n/a,0
41067,41067,99.00,3,0,3,3,0,1.0,0.0,1.0,0.0,Margarita Lopez Torres RECAP,1.0
41068,41068,99.00,164,5,169,164,5,0.9704142011834319,0.029585798816568046,0.9704142011834319,0.029585798816568046,Margarita Lopez Torres RECAP,0.9704142011834319
41069,41069,99.00,150,0,150,150,0,1.0,0.0,1.0,0.0,Margarita Lopez Torres RECAP,1.0
41070,41070,99.00,69,5,74,69,5,0.9324324324324325,0.06756756756756757,0.9324324324324325,0.06756756756756757,Margarita Lopez Torres RECAP,0.9324324324324325
41071,41071,0.00,3,0,3,3,0,1.0,0.0,1.0,0.0,Margarita Lopez Torres RECAP,1.0
41072,41072,99.00,2,0,2,2,0,1.0,0.0,1.0,0.0,Margarita Lopez Torres RECAP,1.0
41073,41073,0.00,4,0,4,4,0,1.0,0.0,1.0,0.0,Margarita Lopez Torres RECAP,1.0
41074,41074,0.00,7,0,7,7,0,1.0,0.0,1.0,0.0,Margarita Lopez Torres RECAP,1.0
41075,41075,99.00,81,0,81,81,0,1.0,0.0,1.0,0.0,Margarita Lopez Torres RECAP,1.0
41076,41076,99.00,100,4,104,100,4,0.9615384615384616,0.038461538461538464,0.9615384615384616,0.038461538461538464,Margarita Lopez Torres RECAP,0.9615384615384616
41077,41077,99.00,139,4,143,139,4,0.972027972027972,0.027972027972027972,0.972027972027972,0.027972027972027972,Margarita Lopez Torres RECAP,0.972027972027972
41078,41078,99.00,0,0,0,0,0,0,0,0,0,n/a,0
41079,41079,66.67,53,4,57,53,4,0.9298245614035088,0.07017543859649122,0.9298245614035088,0.07017543859649122,Margarita Lopez Torres RECAP,0.9298245614035088
41080,41080,99.00,0,0,0,0,0,0,0,0,0,n/a,0
41081,41081,99.00,69,4,73,69,4,0.9452054794520548,0.0547945205479452,0.9452054794520548,0.0547945205479452,Margarita Lopez Torres RECAP,0.9452054794520548
41082,41082,99.00,91,3,94,91,3,0.9680851063829787,0.031914893617021274,0.9680851063829787,0.031914893617021274,Margarita Lopez Torres RECAP,0.9680851063829787
41083,41083,99.00,1,0,1,1,0,1.0,0.0,1.0,0.0,Margarita Lopez Torres RECAP,1.0
41084,41084,33.33,28,1,29,28,1,0.9655172413793104,0.034482758620689655,0.9655172413793104,0.034482758620689655,Margarita Lopez Torres RECAP,0.9655172413793104
41085,41085,99.00,1,0,1,1,0,1.0,0.0,1.0,0.0,Margarita Lopez Torres RECAP,1.0
41086,41086,99.00,117,2,119,117,2,0.9831932773109243,0.01680672268907563,0.9831932773109243,0.01680672268907563,Margarita Lopez Torres RECAP,0.9831932773109243
41087,41087,99.00,85,0,85,85,0,1.0,0.0,1.0,0.0,Margarita Lopez Torres RECAP,1.0
41088,41088,99.00,75,5,80,75,5,0.9375,0.0625,0.9375,0.0625,Margarita Lopez Torres RECAP,0.9375
41089,41089,99.00,4,0,4,4,0,1.0,0.0,1.0,0.0,Margarita Lopez Torres RECAP,1.0
41090,41090,99.00,25,2,27,25,2,0.9259259259259259,0.07407407407407407,0.9259259259259259,0.07407407407407407,Margarita Lopez Torres RECAP,0.9259259259259259
41091,41091,66.67,88,1,89,88,1,0.9887640449438202,0.011235955056179775,0.9887640449438202,0.011235955056179775,Margarita Lopez Torres RECAP,0.9887640449438202
41092,41092,99.00,0,0,0,0,0,0,0,0,0,n/a,0
41093,41093,99.00,0,0,0,0,0,0,0,0,0,n/a,0
41094,41094,36.36,6,2,8,6,2,0.75,0.25,0.75,0.25,Margarita Lopez Torres RECAP,0.75
41095,41095,99.00,54,3,57,54,3,0.9473684210526315,0.05263157894736842,0.9473684210526315,0.05263157894736842,Margarita Lopez Torres RECAP,0.9473684210526315
41096,41096,99.00,11,0,11,11,0,1.0,0.0,1.0,0.0,Margarita Lopez Torres RECAP,1.0
41097,41097,99.00,10,0,10,10,0,1.0,0.0,1.0,0.0,Margarita Lopez Torres RECAP,1.0
41098,41098,99.00,117,3,120,117,3,0.975,0.025,0.975,0.025,Margarita Lopez Torres RECAP,0.975
41099,41099,99.00,0,0,0,0,0,0,0,0,0,n/a,0
42001,42001,99.00,13,0,13,13,0,1.0,0.0,1.0,0.0,Margarita Lopez Torres RECAP,1.0
42002,42002,99.00,11,0,11,11,0,1.0,0.0,1.0,0.0,Margarita Lopez Torres RECAP,1.0
42003,42003,99.00,264,1,265,264,1,0.9962264150943396,0.0037735849056603774,0.9962264150943396,0.0037735849056603774,Margarita Lopez Torres RECAP,0.9962264150943396
42004,42004,99.00,166,0,166,166,0,1.0,0.0,1.0,0.0,Margarita Lopez Torres RECAP,1.0
42005,42005,99.00,5,0,5,5,0,1.0,0.0,1.0,0.0,Margarita Lopez Torres RECAP,1.0
42006,42006,99.00,339,3,342,339,3,0.9912280701754386,0.008771929824561403,0.9912280701754386,0.008771929824561403,Margarita Lopez Torres RECAP,0.9912280701754386
42007,42007,99.00,202,0,202,202,0,1.0,0.0,1.0,0.0,Margarita Lopez Torres RECAP,1.0
42008,42008,99.00,168,0,168,168,0,1.0,0.0,1.0,0.0,Margarita Lopez Torres RECAP,1.0
42009,42009,99.00,183,1,184,183,1,0.9945652173913043,0.005434782608695652,0.9945652173913043,0.005434782608695652,Margarita Lopez Torres RECAP,0.9945652173913043
42010,42010,99.00,182,2,184,182,2,0.9891304347826086,0.010869565217391304,0.9891304347826086,0.010869565217391304,Margarita Lopez Torres RECAP,0.9891304347826086
42011,42011,99.00,149,0,149,149,0,1.0,0.0,1.0,0.0,Margarita Lopez Torres RECAP,1.0
42012,42012,99.00,107,0,107,107,0,1.0,0.0,1.0,0.0,Margarita Lopez Torres RECAP,1.0
42013,42013,99.00,133,1,134,133,1,0.9925373134328358,0.007462686567164179,0.9925373134328358,0.007462686567164179,Margarita Lopez Torres RECAP,0.9925373134328358
42014,42014,99.00,120,0,120,120,0,1.0,0.0,1.0,0.0,Margarita Lopez Torres RECAP,1.0
42015,42015,99.00,168,0,168,168,0,1.0,0.0,1.0,0.0,Margarita Lopez Torres RECAP,1.0
42016,42016,99.00,220,0,220,220,0,1.0,0.0,1.0,0.0,Margarita Lopez Torres RECAP,1.0
42017,42017,99.00,3,0,3,3,0,1.0,0.0,1.0,0.0,Margarita Lopez Torres RECAP,1.0
42018,42018,99.00,155,2,157,155,2,0.9872611464968153,0.012738853503184714,0.9872611464968153,0.012738853503184714,Margarita Lopez Torres RECAP,0.9872611464968153
42019,42019,99.00,11,0,11,11,0,1.0,0.0,1.0,0.0,Margarita Lopez Torres RECAP,1.0
42020,42020,99.00,231,4,235,231,4,0.9829787234042553,0.01702127659574468,0.9829787234042553,0.01702127659574468,Margarita Lopez Torres RECAP,0.9829787234042553
42021,42021,99.00,178,1,179,178,1,0.994413407821229,0.00558659217877095,0.994413407821229,0.00558659217877095,Margarita Lopez Torres RECAP,0.994413407821229
42022,42022,99.00,176,0,176,176,0,1.0,0.0,1.0,0.0,Margarita Lopez Torres RECAP,1.0
42023,42023,99.00,4,0,4,4,0,1.0,0.0,1.0,0.0,Margarita Lopez Torres RECAP,1.0
42024,42024,0.00,2,0,2,2,0,1.0,0.0,1.0,0.0,Margarita Lopez Torres RECAP,1.0
42025,42025,0.00,38,0,38,38,0,1.0,0.0,1.0,0.0,Margarita Lopez Torres RECAP,1.0
42026,42026,99.00,13,1,14,13,1,0.9285714285714286,0.07142857142857142,0.9285714285714286,0.07142857142857142,Margarita Lopez Torres RECAP,0.9285714285714286
42027,42027,99.00,231,0,231,231,0,1.0,0.0,1.0,0.0,Margarita Lopez Torres RECAP,1.0
42028,42028,99.00,261,1,262,261,1,0.9961832061068703,0.003816793893129771,0.9961832061068703,0.003816793893129771,Margarita Lopez Torres RECAP,0.9961832061068703
42029,42029,99.00,282,1,283,282,1,0.9964664310954063,0.0035335689045936395,0.9964664310954063,0.0035335689045936395,Margarita Lopez Torres RECAP,0.9964664310954063
42030,42030,99.00,383,2,385,383,2,0.9948051948051948,0.005194805194805195,0.9948051948051948,0.005194805194805195,Margarita Lopez Torres RECAP,0.9948051948051948
42031,42031,99.00,11,0,11,11,0,1.0,0.0,1.0,0.0,Margarita Lopez Torres RECAP,1.0
42032,42032,99.00,29,0,29,29,0,1.0,0.0,1.0,0.0,Margarita Lopez Torres RECAP,1.0
42033,42033,99.00,16,0,16,16,0,1.0,0.0,1.0,0.0,Margarita Lopez Torres RECAP,1.0
42034,42034,99.00,13,0,13,13,0,1.0,0.0,1.0,0.0,Margarita Lopez Torres RECAP,1.0
42035,42035,99.00,311,3,314,311,3,0.9904458598726115,0.009554140127388535,0.9904458598726115,0.009554140127388535,Margarita Lopez Torres RECAP,0.9904458598726115
42036,42036,99.00,187,4,191,187,4,0.9790575916230366,0.020942408376963352,0.9790575916230366,0.020942408376963352,Margarita Lopez Torres RECAP,0.9790575916230366
42037,42037,0.00,11,0,11,11,0,1.0,0.0,1.0,0.0,Margarita Lopez Torres RECAP,1.0
42038,42038,99.00,2,0,2,2,0,1.0,0.0,1.0,0.0,Margarita Lopez Torres RECAP,1.0
42039,42039,99.00,7,0,7,7,0,1.0,0.0,1.0,0.0,Margarita Lopez Torres RECAP,1.0
42040,42040,99.00,154,1,155,154,1,0.9935483870967742,0.0064516129032258064,0.9935483870967742,0.0064516129032258064,Margarita Lopez Torres RECAP,0.9935483870967742
42041,42041,99.00,175,1,176,175,1,0.9943181818181818,0.005681818181818182,0.9943181818181818,0.005681818181818182,Margarita Lopez Torres RECAP,0.9943181818181818
42042,42042,99.00,154,0,154,154,0,1.0,0.0,1.0,0.0,Margarita Lopez Torres RECAP,1.0
42043,42043,99.00,144,2,146,144,2,0.9863013698630136,0.0136986301369863,0.9863013698630136,0.0136986301369863,Margarita Lopez Torres RECAP,0.9863013698630136
42044,42044,99.00,7,0,7,7,0,1.0,0.0,1.0,0.0,Margarita Lopez Torres RECAP,1.0
42045,42045,99.00,162,1,163,162,1,0.9938650306748467,0.006134969325153374,0.9938650306748467,0.006134969325153374,Margarita Lopez Torres RECAP,0.9938650306748467
42046,42046,99.00,173,0,173,173,0,1.0,0.0,1.0,0.0,Margarita Lopez Torres RECAP,1.0
42047,42047,99.00,9,0,9,9,0,1.0,0.0,1.0,0.0,Margarita Lopez Torres RECAP,1.0
42048,42048,99.00,193,1,194,193,1,0.9948453608247423,0.005154639175257732,0.9948453608247423,0.005154639175257732,Margarita Lopez Torres RECAP,0.9948453608247423
42049,42049,99.00,306,1,307,306,1,0.996742671009772,0.003257328990228013,0.996742671009772,0.003257328990228013,Margarita Lopez Torres RECAP,0.996742671009772
42050,42050,99.00,268,0,268,268,0,1.0,0.0,1.0,0.0,Margarita Lopez Torres RECAP,1.0
42051,42051,99.00,206,10,216,206,10,0.9537037037037037,0.046296296296296294,0.9537037037037037,0.046296296296296294,Margarita Lopez Torres RECAP,0.9537037037037037
42052,42052,99.00,126,3,129,126,3,0.9767441860465116,0.023255813953488372,0.9767441860465116,0.023255813953488372,Margarita Lopez Torres RECAP,0.9767441860465116
42053,42053,99.00,111,0,111,111,0,1.0,0.0,1.0,0.0,Margarita Lopez Torres RECAP,1.0
42054,42054,99.00,181,0,181,181,0,1.0,0.0,1.0,0.0,Margarita Lopez Torres RECAP,1.0
42055,42055,99.00,42,0,42,42,0,1.0,0.0,1.0,0.0,Margarita Lopez Torres RECAP,1.0
42056,42056,99.00,148,0,148,148,0,1.0,0.0,1.0,0.0,Margarita Lopez Torres RECAP,1.0
42057,42057,99.00,170,0,170,170,0,1.0,0.0,1.0,0.0,Margarita Lopez Torres RECAP,1.0
42058,42058,99.00,291,2,293,291,2,0.9931740614334471,0.006825938566552901,0.9931740614334471,0.006825938566552901,Margarita Lopez Torres RECAP,0.9931740614334471
42059,42059,99.00,47,0,47,47,0,1.0,0.0,1.0,0.0,Margarita Lopez Torres RECAP,1.0
42060,42060,99.00,18,0,18,18,0,1.0,0.0,1.0,0.0,Margarita Lopez Torres RECAP,1.0
42061,42061,99.00,90,6,96,90,6,0.9375,0.0625,0.9375,0.0625,Margarita Lopez Torres RECAP,0.9375
42062,42062,99.00,160,3,163,160,3,0.9815950920245399,0.018404907975460124,0.9815950920245399,0.018404907975460124,Margarita Lopez Torres RECAP,0.9815950920245399
42063,42063,99.00,195,6,201,195,6,0.9701492537313433,0.029850746268656716,0.9701492537313433,0.029850746268656716,Margarita Lopez Torres RECAP,0.9701492537313433
42064,42064,99.00,173,3,176,173,3,0.9829545454545454,0.017045454545454544,0.9829545454545454,0.017045454545454544,Margarita Lopez Torres RECAP,0.9829545454545454
42065,42065,99.00,1,0,1,1,0,1.0,0.0,1.0,0.0,Margarita Lopez Torres RECAP,1.0
42066,42066,99.00,7,0,7,7,0,1.0,0.0,1.0,0.0,Margarita Lopez Torres RECAP,1.0
42067,42067,99.00,112,3,115,112,3,0.9739130434782609,0.02608695652173913,0.9739130434782609,0.02608695652173913,Margarita Lopez Torres RECAP,0.9739130434782609
42068,42068,99.00,2,1,3,2,1,0.6666666666666666,0.3333333333333333,0.6666666666666666,0.3333333333333333,Margarita Lopez Torres RECAP,0.6666666666666666
42069,42069,99.00,24,0,24,24,0,1.0,0.0,1.0,0.0,Margarita Lopez Torres RECAP,1.0
42070,42070,99.00,119,1,120,119,1,0.9916666666666667,0.008333333333333333,0.9916666666666667,0.008333333333333333,Margarita Lopez Torres RECAP,0.9916666666666667
42071,42071,99.00,215,1,216,215,1,0.9953703703703703,0.004629629629629629,0.9953703703703703,0.004629629629629629,Margarita Lopez Torres RECAP,0.9953703703703703
42072,42072,99.00,179,0,179,179,0,1.0,0.0,1.0,0.0,Margarita Lopez Torres RECAP,1.0
42073,42073,99.00,159,0,159,159,0,1.0,0.0,1.0,0.0,Margarita Lopez Torres RECAP,1.0
42074,42074,99.00,128,1,129,128,1,0.9922480620155039,0.007751937984496124,0.9922480620155039,0.007751937984496124,Margarita Lopez Torres RECAP,0.9922480620155039
42075,42075,99.00,325,1,326,325,1,0.9969325153374233,0.003067484662576687,0.9969325153374233,0.003067484662576687,Margarita Lopez Torres RECAP,0.9969325153374233
42076,42076,99.00,2,0,2,2,0,1.0,0.0,1.0,0.0,Margarita Lopez Torres RECAP,1.0
42077,42077,99.00,252,0,252,252,0,1.0,0.0,1.0,0.0,Margarita Lopez Torres RECAP,1.0
42078,42078,99.00,33,0,33,33,0,1.0,0.0,1.0,0.0,Margarita Lopez Torres RECAP,1.0
42079,42079,99.00,165,0,165,165,0,1.0,0.0,1.0,0.0,Margarita Lopez Torres RECAP,1.0
42080,42080,99.00,134,0,134,134,0,1.0,0.0,1.0,0.0,Margarita Lopez Torres RECAP,1.0
42081,42081,99.00,21,0,21,21,0,1.0,0.0,1.0,0.0,Margarita Lopez Torres RECAP,1.0
42082,42082,99.00,5,0,5,5,0,1.0,0.0,1.0,0.0,Margarita Lopez Torres RECAP,1.0
43001,43001,99.00,223,2,225,223,2,0.9911111111111112,0.008888888888888889,0.9911111111111112,0.008888888888888889,Margarita Lopez Torres RECAP,0.9911111111111112
43002,43002,99.00,24,0,24,24,0,1.0,0.0,1.0,0.0,Margarita Lopez Torres RECAP,1.0
43003,43003,99.00,186,0,186,186,0,1.0,0.0,1.0,0.0,Margarita Lopez Torres RECAP,1.0
43004,43004,99.00,165,1,166,165,1,0.9939759036144579,0.006024096385542169,0.9939759036144579,0.006024096385542169,Margarita Lopez Torres RECAP,0.9939759036144579
43005,43005,99.00,12,0,12,12,0,1.0,0.0,1.0,0.0,Margarita Lopez Torres RECAP,1.0
43006,43006,99.00,343,0,343,343,0,1.0,0.0,1.0,0.0,Margarita Lopez Torres RECAP,1.0
43007,43007,99.00,297,3,300,297,3,0.99,0.01,0.99,0.01,Margarita Lopez Torres RECAP,0.99
43008,43008,99.00,4,0,4,4,0,1.0,0.0,1.0,0.0,Margarita Lopez Torres RECAP,1.0
43009,43009,99.00,222,2,224,222,2,0.9910714285714286,0.008928571428571428,0.9910714285714286,0.008928571428571428,Margarita Lopez Torres RECAP,0.9910714285714286
43010,43010,99.00,84,0,84,84,0,1.0,0.0,1.0,0.0,Margarita Lopez Torres RECAP,1.0
43011,43011,99.00,156,1,157,156,1,0.9936305732484076,0.006369426751592357,0.9936305732484076,0.006369426751592357,Margarita Lopez Torres RECAP,0.9936305732484076
43012,43012,99.00,291,0,291,291,0,1.0,0.0,1.0,0.0,Margarita Lopez Torres RECAP,1.0
43013,43013,99.00,105,2,107,105,2,0.9813084112149533,0.018691588785046728,0.9813084112149533,0.018691588785046728,Margarita Lopez Torres RECAP,0.9813084112149533
43014,43014,99.00,211,0,211,211,0,1.0,0.0,1.0,0.0,Margarita Lopez Torres RECAP,1.0
43015,43015,99.00,283,1,284,283,1,0.9964788732394366,0.0035211267605633804,0.9964788732394366,0.0035211267605633804,Margarita Lopez Torres RECAP,0.9964788732394366
43016,43016,99.00,8,1,9,8,1,0.8888888888888888,0.1111111111111111,0.8888888888888888,0.1111111111111111,Margarita Lopez Torres RECAP,0.8888888888888888
43017,43017,99.00,310,2,312,310,2,0.9935897435897436,0.00641025641025641,0.9935897435897436,0.00641025641025641,Margarita Lopez Torres RECAP,0.9935897435897436
43018,43018,99.00,356,0,356,356,0,1.0,0.0,1.0,0.0,Margarita Lopez Torres RECAP,1.0
43019,43019,99.00,5,0,5,5,0,1.0,0.0,1.0,0.0,Margarita Lopez Torres RECAP,1.0
43020,43020,99.00,18,0,18,18,0,1.0,0.0,1.0,0.0,Margarita Lopez Torres RECAP,1.0
43021,43021,99.00,237,1,238,237,1,0.9957983193277311,0.004201680672268907,0.9957983193277311,0.004201680672268907,Margarita Lopez Torres RECAP,0.9957983193277311
43022,43022,99.00,10,0,10,10,0,1.0,0.0,1.0,0.0,Margarita Lopez Torres RECAP,1.0
43023,43023,99.00,332,0,332,332,0,1.0,0.0,1.0,0.0,Margarita Lopez Torres RECAP,1.0
43024,43024,99.00,338,1,339,338,1,0.9970501474926253,0.0029498525073746312,0.9970501474926253,0.0029498525073746312,Margarita Lopez Torres RECAP,0.9970501474926253
43025,43025,99.00,11,0,11,11,0,1.0,0.0,1.0,0.0,Margarita Lopez Torres RECAP,1.0
43026,43026,99.00,317,1,318,317,1,0.9968553459119497,0.0031446540880503146,0.9968553459119497,0.0031446540880503146,Margarita Lopez Torres RECAP,0.9968553459119497
43027,43027,99.00,193,2,195,193,2,0.9897435897435898,0.010256410256410256,0.9897435897435898,0.010256410256410256,Margarita Lopez Torres RECAP,0.9897435897435898
43028,43028,99.00,225,2,227,225,2,0.9911894273127754,0.00881057268722467,0.9911894273127754,0.00881057268722467,Margarita Lopez Torres RECAP,0.9911894273127754
43029,43029,75.00,70,0,70,70,0,1.0,0.0,1.0,0.0,Margarita Lopez Torres RECAP,1.0
43030,43030,75.00,104,0,104,104,0,1.0,0.0,1.0,0.0,Margarita Lopez Torres RECAP,1.0
43031,43031,75.00,157,0,157,157,0,1.0,0.0,1.0,0.0,Margarita Lopez Torres RECAP,1.0
43032,43032,99.00,125,0,125,125,0,1.0,0.0,1.0,0.0,Margarita Lopez Torres RECAP,1.0
43033,43033,75.00,155,0,155,155,0,1.0,0.0,1.0,0.0,Margarita Lopez Torres RECAP,1.0
43034,43034,99.00,5,0,5,5,0,1.0,0.0,1.0,0.0,Margarita Lopez Torres RECAP,1.0
43035,43035,99.00,249,1,250,249,1,0.996,0.004,0.996,0.004,Margarita Lopez Torres RECAP,0.996
43036,43036,99.00,192,2,194,192,2,0.9896907216494846,0.010309278350515464,0.9896907216494846,0.010309278350515464,Margarita Lopez Torres RECAP,0.9896907216494846
43037,43037,99.00,182,1,183,182,1,0.994535519125683,0.00546448087431694,0.994535519125683,0.00546448087431694,Margarita Lopez Torres RECAP,0.994535519125683
43038,43038,50.00,145,0,145,145,0,1.0,0.0,1.0,0.0,Margarita Lopez Torres RECAP,1.0
43039,43039,50.00,155,0,155,155,0,1.0,0.0,1.0,0.0,Margarita Lopez Torres RECAP,1.0
43040,43040,99.00,2,0,2,2,0,1.0,0.0,1.0,0.0,Margarita Lopez Torres RECAP,1.0
43041,43041,99.00,151,0,151,151,0,1.0,0.0,1.0,0.0,Margarita Lopez Torres RECAP,1.0
43042,43042,99.00,21,0,21,21,0,1.0,0.0,1.0,0.0,Margarita Lopez Torres RECAP,1.0
43043,43043,99.00,308,1,309,308,1,0.9967637540453075,0.003236245954692557,0.9967637540453075,0.003236245954692557,Margarita Lopez Torres RECAP,0.9967637540453075
43044,43044,99.00,296,2,298,296,2,0.9932885906040269,0.006711409395973154,0.9932885906040269,0.006711409395973154,Margarita Lopez Torres RECAP,0.9932885906040269
43045,43045,99.00,319,0,319,319,0,1.0,0.0,1.0,0.0,Margarita Lopez Torres RECAP,1.0
43046,43046,99.00,199,1,200,199,1,0.995,0.005,0.995,0.005,Margarita Lopez Torres RECAP,0.995
43047,43047,99.00,7,1,8,7,1,0.875,0.125,0.875,0.125,Margarita Lopez Torres RECAP,0.875
43048,43048,99.00,13,0,13,13,0,1.0,0.0,1.0,0.0,Margarita Lopez Torres RECAP,1.0
43049,43049,99.00,281,0,281,281,0,1.0,0.0,1.0,0.0,Margarita Lopez Torres RECAP,1.0
43050,43050,99.00,219,1,220,219,1,0.9954545454545455,0.004545454545454545,0.9954545454545455,0.004545454545454545,Margarita Lopez Torres RECAP,0.9954545454545455
43051,43051,99.00,234,0,234,234,0,1.0,0.0,1.0,0.0,Margarita Lopez Torres RECAP,1.0
43052,43052,99.00,322,0,322,322,0,1.0,0.0,1.0,0.0,Margarita Lopez Torres RECAP,1.0
43053,43053,99.00,213,3,216,213,3,0.9861111111111112,0.013888888888888888,0.9861111111111112,0.013888888888888888,Margarita Lopez Torres RECAP,0.9861111111111112
43054,43054,99.00,243,1,244,243,1,0.9959016393442623,0.004098360655737705,0.9959016393442623,0.004098360655737705,Margarita Lopez Torres RECAP,0.9959016393442623
43055,43055,99.00,136,0,136,136,0,1.0,0.0,1.0,0.0,Margarita Lopez Torres RECAP,1.0
43056,43056,99.00,6,0,6,6,0,1.0,0.0,1.0,0.0,Margarita Lopez Torres RECAP,1.0
43057,43057,99.00,45,1,46,45,1,0.9782608695652174,0.021739130434782608,0.9782608695652174,0.021739130434782608,Margarita Lopez Torres RECAP,0.9782608695652174
43058,43058,99.00,1,0,1,1,0,1.0,0.0,1.0,0.0,Margarita Lopez Torres RECAP,1.0
43059,43059,99.00,167,8,175,167,8,0.9542857142857143,0.045714285714285714,0.9542857142857143,0.045714285714285714,Margarita Lopez Torres RECAP,0.9542857142857143
43060,43060,99.00,1,0,1,1,0,1.0,0.0,1.0,0.0,Margarita Lopez Torres RECAP,1.0
43061,43061,99.00,122,0,122,122,0,1.0,0.0,1.0,0.0,Margarita Lopez Torres RECAP,1.0
43062,43062,99.00,68,3,71,68,3,0.9577464788732394,0.04225352112676056,0.9577464788732394,0.04225352112676056,Margarita Lopez Torres RECAP,0.9577464788732394
43063,43063,99.00,122,2,124,122,2,0.9838709677419355,0.016129032258064516,0.9838709677419355,0.016129032258064516,Margarita Lopez Torres RECAP,0.9838709677419355
43064,43064,99.00,214,3,217,214,3,0.9861751152073732,0.013824884792626729,0.9861751152073732,0.013824884792626729,Margarita Lopez Torres RECAP,0.9861751152073732
43065,43065,99.00,10,0,10,10,0,1.0,0.0,1.0,0.0,Margarita Lopez Torres RECAP,1.0
43066,43066,99.00,186,0,186,186,0,1.0,0.0,1.0,0.0,Margarita Lopez Torres RECAP,1.0
43067,43067,99.00,294,1,295,294,1,0.9966101694915255,0.003389830508474576,0.9966101694915255,0.003389830508474576,Margarita Lopez Torres RECAP,0.9966101694915255
43068,43068,99.00,3,0,3,3,0,1.0,0.0,1.0,0.0,Margarita Lopez Torres RECAP,1.0
43069,43069,99.00,126,0,126,126,0,1.0,0.0,1.0,0.0,Margarita Lopez Torres RECAP,1.0
43070,43070,99.00,2,0,2,2,0,1.0,0.0,1.0,0.0,Margarita Lopez Torres RECAP,1.0
43071,43071,99.00,7,0,7,7,0,1.0,0.0,1.0,0.0,Margarita Lopez Torres RECAP,1.0
43072,43072,99.00,3,0,3,3,0,1.0,0.0,1.0,0.0,Margarita Lopez Torres RECAP,1.0
43073,43073,99.00,378,1,379,378,1,0.9973614775725593,0.002638522427440633,0.9973614775725593,0.002638522427440633,Margarita Lopez Torres RECAP,0.9973614775725593
43074,43074,99.00,149,2,151,149,2,0.9867549668874173,0.013245033112582781,0.9867549668874173,0.013245033112582781,Margarita Lopez Torres RECAP,0.9867549668874173
43075,43075,99.00,254,0,254,254,0,1.0,0.0,1.0,0.0,Margarita Lopez Torres RECAP,1.0
43076,43076,99.00,100,0,100,100,0,1.0,0.0,1.0,0.0,Margarita Lopez Torres RECAP,1.0
43077,43077,99.00,1,0,1,1,0,1.0,0.0,1.0,0.0,Margarita Lopez Torres RECAP,1.0
43078,43078,99.00,245,2,247,245,2,0.9919028340080972,0.008097165991902834,0.9919028340080972,0.008097165991902834,Margarita Lopez Torres RECAP,0.9919028340080972
43079,43079,99.00,0,0,0,0,0,0,0,0,0,n/a,0
43080,43080,99.00,259,0,259,259,0,1.0,0.0,1.0,0.0,Margarita Lopez Torres RECAP,1.0
43081,43081,99.00,14,0,14,14,0,1.0,0.0,1.0,0.0,Margarita Lopez Torres RECAP,1.0
43082,43082,99.00,27,0,27,27,0,1.0,0.0,1.0,0.0,Margarita Lopez Torres RECAP,1.0
43083,43083,99.00,2,0,2,2,0,1.0,0.0,1.0,0.0,Margarita Lopez Torres RECAP,1.0
43084,43084,99.00,2,0,2,2,0,1.0,0.0,1.0,0.0,Margarita Lopez Torres RECAP,1.0
43085,43085,99.00,130,0,130,130,0,1.0,0.0,1.0,0.0,Margarita Lopez Torres RECAP,1.0
43086,43086,99.00,8,0,8,8,0,1.0,0.0,1.0,0.0,Margarita Lopez Torres RECAP,1.0
43087,43087,99.00,199,0,199,199,0,1.0,0.0,1.0,0.0,Margarita Lopez Torres RECAP,1.0
44001,44001,99.00,115,5,120,115,5,0.9583333333333334,0.041666666666666664,0.9583333333333334,0.041666666666666664,Margarita Lopez Torres RECAP,0.9583333333333334
44002,44002,99.00,28,3,31,28,3,0.9032258064516129,0.0967741935483871,0.9032258064516129,0.0967741935483871,Margarita Lopez Torres RECAP,0.9032258064516129
44003,44003,99.00,50,1,51,50,1,0.9803921568627451,0.0196078431372549,0.9803921568627451,0.0196078431372549,Margarita Lopez Torres RECAP,0.9803921568627451
44004,44004,99.00,107,9,116,107,9,0.9224137931034483,0.07758620689655173,0.9224137931034483,0.07758620689655173,Margarita Lopez Torres RECAP,0.9224137931034483
44005,44005,99.00,11,0,11,11,0,1.0,0.0,1.0,0.0,Margarita Lopez Torres RECAP,1.0
44006,44006,99.00,260,1,261,260,1,0.9961685823754789,0.0038314176245210726,0.9961685823754789,0.0038314176245210726,Margarita Lopez Torres RECAP,0.9961685823754789
44007,44007,99.00,3,0,3,3,0,1.0,0.0,1.0,0.0,Margarita Lopez Torres RECAP,1.0
44008,44008,99.00,3,0,3,3,0,1.0,0.0,1.0,0.0,Margarita Lopez Torres RECAP,1.0
44009,44009,99.00,179,0,179,179,0,1.0,0.0,1.0,0.0,Margarita Lopez Torres RECAP,1.0
44010,44010,99.00,173,1,174,173,1,0.9942528735632183,0.005747126436781609,0.9942528735632183,0.005747126436781609,Margarita Lopez Torres RECAP,0.9942528735632183
44011,44011,99.00,2,0,2,2,0,1.0,0.0,1.0,0.0,Margarita Lopez Torres RECAP,1.0
44012,44012,99.00,8,0,8,8,0,1.0,0.0,1.0,0.0,Margarita Lopez Torres RECAP,1.0
44013,44013,99.00,52,1,53,52,1,0.9811320754716981,0.018867924528301886,0.9811320754716981,0.018867924528301886,Margarita Lopez Torres RECAP,0.9811320754716981
44014,44014,99.00,267,5,272,267,5,0.9816176470588235,0.01838235294117647,0.9816176470588235,0.01838235294117647,Margarita Lopez Torres RECAP,0.9816176470588235
44015,44015,99.00,274,1,275,274,1,0.9963636363636363,0.0036363636363636364,0.9963636363636363,0.0036363636363636364,Margarita Lopez Torres RECAP,0.9963636363636363
44016,44016,99.00,4,0,4,4,0,1.0,0.0,1.0,0.0,Margarita Lopez Torres RECAP,1.0
44017,44017,99.00,8,0,8,8,0,1.0,0.0,1.0,0.0,Margarita Lopez Torres RECAP,1.0
44018,44018,99.00,348,4,352,348,4,0.9886363636363636,0.011363636363636364,0.9886363636363636,0.011363636363636364,Margarita Lopez Torres RECAP,0.9886363636363636
44019,44019,99.00,155,2,157,155,2,0.9872611464968153,0.012738853503184714,0.9872611464968153,0.012738853503184714,Margarita Lopez Torres RECAP,0.9872611464968153
44020,44020,99.00,281,3,284,281,3,0.9894366197183099,0.01056338028169014,0.9894366197183099,0.01056338028169014,Margarita Lopez Torres RECAP,0.9894366197183099
44021,44021,99.00,0,0,0,0,0,0,0,0,0,n/a,0
44022,44022,99.00,0,0,0,0,0,0,0,0,0,n/a,0
44023,44023,99.00,65,6,71,65,6,0.9154929577464789,0.08450704225352113,0.9154929577464789,0.08450704225352113,Margarita Lopez Torres RECAP,0.9154929577464789
44024,44024,99.00,49,3,52,49,3,0.9423076923076923,0.057692307692307696,0.9423076923076923,0.057692307692307696,Margarita Lopez Torres RECAP,0.9423076923076923
44025,44025,99.00,180,4,184,180,4,0.9782608695652174,0.021739130434782608,0.9782608695652174,0.021739130434782608,Margarita Lopez Torres RECAP,0.9782608695652174
44026,44026,99.00,123,3,126,123,3,0.9761904761904762,0.023809523809523808,0.9761904761904762,0.023809523809523808,Margarita Lopez Torres RECAP,0.9761904761904762
44027,44027,99.00,118,3,121,118,3,0.9752066115702479,0.024793388429752067,0.9752066115702479,0.024793388429752067,Margarita Lopez Torres RECAP,0.9752066115702479
44028,44028,0.00,5,0,5,5,0,1.0,0.0,1.0,0.0,Margarita Lopez Torres RECAP,1.0
44029,44029,99.00,212,8,220,212,8,0.9636363636363636,0.03636363636363636,0.9636363636363636,0.03636363636363636,Margarita Lopez Torres RECAP,0.9636363636363636
44030,44030,99.00,3,0,3,3,0,1.0,0.0,1.0,0.0,Margarita Lopez Torres RECAP,1.0
44031,44031,0.00,16,0,16,16,0,1.0,0.0,1.0,0.0,Margarita Lopez Torres RECAP,1.0
44032,44032,99.00,31,0,31,31,0,1.0,0.0,1.0,0.0,Margarita Lopez Torres RECAP,1.0
44033,44033,0.00,13,0,13,13,0,1.0,0.0,1.0,0.0,Margarita Lopez Torres RECAP,1.0
44034,44034,0.00,5,0,5,5,0,1.0,0.0,1.0,0.0,Margarita Lopez Torres RECAP,1.0
44035,44035,99.00,277,2,279,277,2,0.992831541218638,0.007168458781362007,0.992831541218638,0.007168458781362007,Margarita Lopez Torres RECAP,0.992831541218638
44036,44036,99.00,329,0,329,329,0,1.0,0.0,1.0,0.0,Margarita Lopez Torres RECAP,1.0
44037,44037,99.00,7,0,7,7,0,1.0,0.0,1.0,0.0,Margarita Lopez Torres RECAP,1.0
44038,44038,99.00,225,3,228,225,3,0.9868421052631579,0.013157894736842105,0.9868421052631579,0.013157894736842105,Margarita Lopez Torres RECAP,0.9868421052631579
44039,44039,99.00,212,2,214,212,2,0.9906542056074766,0.009345794392523364,0.9906542056074766,0.009345794392523364,Margarita Lopez Torres RECAP,0.9906542056074766
44040,44040,99.00,0,0,0,0,0,0,0,0,0,n/a,0
44041,44041,99.00,1,0,1,1,0,1.0,0.0,1.0,0.0,Margarita Lopez Torres RECAP,1.0
44042,44042,99.00,186,1,187,186,1,0.9946524064171123,0.0053475935828877,0.9946524064171123,0.0053475935828877,Margarita Lopez Torres RECAP,0.9946524064171123
44043,44043,99.00,176,3,179,176,3,0.9832402234636871,0.01675977653631285,0.9832402234636871,0.01675977653631285,Margarita Lopez Torres RECAP,0.9832402234636871
44044,44044,99.00,1,0,1,1,0,1.0,0.0,1.0,0.0,Margarita Lopez Torres RECAP,1.0
44045,44045,99.00,144,1,145,144,1,0.993103448275862,0.006896551724137931,0.993103448275862,0.006896551724137931,Margarita Lopez Torres RECAP,0.993103448275862
44046,44046,99.00,4,0,4,4,0,1.0,0.0,1.0,0.0,Margarita Lopez Torres RECAP,1.0
44047,44047,99.00,4,0,4,4,0,1.0,0.0,1.0,0.0,Margarita Lopez Torres RECAP,1.0
44048,44048,99.00,296,2,298,296,2,0.9932885906040269,0.006711409395973154,0.9932885906040269,0.006711409395973154,Margarita Lopez Torres RECAP,0.9932885906040269
44049,44049,99.00,337,4,341,337,4,0.9882697947214076,0.011730205278592375,0.9882697947214076,0.011730205278592375,Margarita Lopez Torres RECAP,0.9882697947214076
44050,44050,99.00,242,1,243,242,1,0.9958847736625515,0.00411522633744856,0.9958847736625515,0.00411522633744856,Margarita Lopez Torres RECAP,0.9958847736625515
44051,44051,99.00,411,3,414,411,3,0.9927536231884058,0.007246376811594203,0.9927536231884058,0.007246376811594203,Margarita Lopez Torres RECAP,0.9927536231884058
44052,44052,99.00,353,1,354,353,1,0.9971751412429378,0.002824858757062147,0.9971751412429378,0.002824858757062147,Margarita Lopez Torres RECAP,0.9971751412429378
44053,44053,99.00,374,8,382,374,8,0.9790575916230366,0.020942408376963352,0.9790575916230366,0.020942408376963352,Margarita Lopez Torres RECAP,0.9790575916230366
44054,44054,99.00,232,1,233,232,1,0.9957081545064378,0.004291845493562232,0.9957081545064378,0.004291845493562232,Margarita Lopez Torres RECAP,0.9957081545064378
44055,44055,99.00,74,0,74,74,0,1.0,0.0,1.0,0.0,Margarita Lopez Torres RECAP,1.0
44056,44056,99.00,30,0,30,30,0,1.0,0.0,1.0,0.0,Margarita Lopez Torres RECAP,1.0
44057,44057,99.00,498,7,505,498,7,0.9861386138613861,0.013861386138613862,0.9861386138613861,0.013861386138613862,Margarita Lopez Torres RECAP,0.9861386138613861
44058,44058,99.00,418,6,424,418,6,0.9858490566037735,0.014150943396226415,0.9858490566037735,0.014150943396226415,Margarita Lopez Torres RECAP,0.9858490566037735
44059,44059,99.00,277,1,278,277,1,0.9964028776978417,0.0035971223021582736,0.9964028776978417,0.0035971223021582736,Margarita Lopez Torres RECAP,0.9964028776978417
44060,44060,99.00,339,5,344,339,5,0.9854651162790697,0.014534883720930232,0.9854651162790697,0.014534883720930232,Margarita Lopez Torres RECAP,0.9854651162790697
44061,44061,99.00,38,0,38,38,0,1.0,0.0,1.0,0.0,Margarita Lopez Torres RECAP,1.0
44062,44062,99.00,28,1,29,28,1,0.9655172413793104,0.034482758620689655,0.9655172413793104,0.034482758620689655,Margarita Lopez Torres RECAP,0.9655172413793104
44063,44063,36.36,200,0,200,200,0,1.0,0.0,1.0,0.0,Margarita Lopez Torres RECAP,1.0
44064,44064,99.00,133,3,136,133,3,0.9779411764705882,0.022058823529411766,0.9779411764705882,0.022058823529411766,Margarita Lopez Torres RECAP,0.9779411764705882
44065,44065,99.00,369,4,373,369,4,0.9892761394101877,0.010723860589812333,0.9892761394101877,0.010723860589812333,Margarita Lopez Torres RECAP,0.9892761394101877
44066,44066,99.00,31,1,32,31,1,0.96875,0.03125,0.96875,0.03125,Margarita Lopez Torres RECAP,0.96875
44067,44067,99.00,1,0,1,1,0,1.0,0.0,1.0,0.0,Margarita Lopez Torres RECAP,1.0
44068,44068,36.36,390,0,390,390,0,1.0,0.0,1.0,0.0,Margarita Lopez Torres RECAP,1.0
44069,44069,36.36,53,0,53,53,0,1.0,0.0,1.0,0.0,Margarita Lopez Torres RECAP,1.0
44070,44070,36.36,63,0,63,63,0,1.0,0.0,1.0,0.0,Margarita Lopez Torres RECAP,1.0
44071,44071,99.00,69,2,71,69,2,0.971830985915493,0.028169014084507043,0.971830985915493,0.028169014084507043,Margarita Lopez Torres RECAP,0.971830985915493
44072,44072,36.36,378,3,381,378,3,0.9921259842519685,0.007874015748031496,0.9921259842519685,0.007874015748031496,Margarita Lopez Torres RECAP,0.9921259842519685
44073,44073,99.00,268,1,269,268,1,0.9962825278810409,0.0037174721189591076,0.9962825278810409,0.0037174721189591076,Margarita Lopez Torres RECAP,0.9962825278810409
44074,44074,99.00,42,0,42,42,0,1.0,0.0,1.0,0.0,Margarita Lopez Torres RECAP,1.0
44075,44075,99.00,401,4,405,401,4,0.9901234567901235,0.009876543209876543,0.9901234567901235,0.009876543209876543,Margarita Lopez Torres RECAP,0.9901234567901235
44076,44076,36.36,294,1,295,294,1,0.9966101694915255,0.003389830508474576,0.9966101694915255,0.003389830508474576,Margarita Lopez Torres RECAP,0.9966101694915255
44077,44077,99.00,518,1,519,518,1,0.9980732177263969,0.0019267822736030828,0.9980732177263969,0.0019267822736030828,Margarita Lopez Torres RECAP,0.9980732177263969
44078,44078,99.00,447,1,448,447,1,0.9977678571428571,0.002232142857142857,0.9977678571428571,0.002232142857142857,Margarita Lopez Torres RECAP,0.9977678571428571
44079,44079,99.00,427,3,430,427,3,0.9930232558139535,0.0069767441860465115,0.9930232558139535,0.0069767441860465115,Margarita Lopez Torres RECAP,0.9930232558139535
44080,44080,99.00,27,2,29,27,2,0.9310344827586207,0.06896551724137931,0.9310344827586207,0.06896551724137931,Margarita Lopez Torres RECAP,0.9310344827586207
44081,44081,99.00,187,1,188,187,1,0.9946808510638298,0.005319148936170213,0.9946808510638298,0.005319148936170213,Margarita Lopez Torres RECAP,0.9946808510638298
44082,44082,99.00,13,0,13,13,0,1.0,0.0,1.0,0.0,Margarita Lopez Torres RECAP,1.0
44083,44083,99.00,246,0,246,246,0,1.0,0.0,1.0,0.0,Margarita Lopez Torres RECAP,1.0
44084,44084,99.00,31,0,31,31,0,1.0,0.0,1.0,0.0,Margarita Lopez Torres RECAP,1.0
44085,44085,99.00,1,0,1,1,0,1.0,0.0,1.0,0.0,Margarita Lopez Torres RECAP,1.0
44086,44086,99.00,13,0,13,13,0,1.0,0.0,1.0,0.0,Margarita Lopez Torres RECAP,1.0
44087,44087,0.00,4,1,5,4,1,0.8,0.2,0.8,0.2,Margarita Lopez Torres RECAP,0.8
44088,44088,99.00,7,1,8,7,1,0.875,0.125,0.875,0.125,Margarita Lopez Torres RECAP,0.875
44089,44089,99.00,5,0,5,5,0,1.0,0.0,1.0,0.0,Margarita Lopez Torres RECAP,1.0
44090,44090,99.00,3,0,3,3,0,1.0,0.0,1.0,0.0,Margarita Lopez Torres RECAP,1.0
44091,44091,99.00,0,0,0,0,0,0,0,0,0,n/a,0
44092,44092,99.00,0,0,0,0,0,0,0,0,0,n/a,0
44093,44093,0.00,0,0,0,0,0,0,0,0,0,n/a,0
45001,45001,99.00,106,5,111,106,5,0.954954954954955,0.04504504504504504,0.954954954954955,0.04504504504504504,Margarita Lopez Torres RECAP,0.954954954954955
45002,45002,99.00,110,3,113,110,3,0.9734513274336283,0.02654867256637168,0.9734513274336283,0.02654867256637168,Margarita Lopez Torres RECAP,0.9734513274336283
45003,45003,99.00,113,5,118,113,5,0.9576271186440678,0.0423728813559322,0.9576271186440678,0.0423728813559322,Margarita Lopez Torres RECAP,0.9576271186440678
45004,45004,75.00,88,2,90,88,2,0.9777777777777777,0.022222222222222223,0.9777777777777777,0.022222222222222223,Margarita Lopez Torres RECAP,0.9777777777777777
45005,45005,99.00,108,0,108,108,0,1.0,0.0,1.0,0.0,Margarita Lopez Torres RECAP,1.0
45006,45006,75.00,79,1,80,79,1,0.9875,0.0125,0.9875,0.0125,Margarita Lopez Torres RECAP,0.9875
45007,45007,99.00,0,0,0,0,0,0,0,0,0,n/a,0
45008,45008,99.00,61,2,63,61,2,0.9682539682539683,0.031746031746031744,0.9682539682539683,0.031746031746031744,Margarita Lopez Torres RECAP,0.9682539682539683
45009,45009,75.00,92,2,94,92,2,0.9787234042553191,0.02127659574468085,0.9787234042553191,0.02127659574468085,Margarita Lopez Torres RECAP,0.9787234042553191
45010,45010,75.00,2,0,2,2,0,1.0,0.0,1.0,0.0,Margarita Lopez Torres RECAP,1.0
45011,45011,75.00,76,1,77,76,1,0.987012987012987,0.012987012987012988,0.987012987012987,0.012987012987012988,Margarita Lopez Torres RECAP,0.987012987012987
45012,45012,99.00,8,0,8,8,0,1.0,0.0,1.0,0.0,Margarita Lopez Torres RECAP,1.0
45013,45013,99.00,133,6,139,133,6,0.9568345323741008,0.04316546762589928,0.9568345323741008,0.04316546762589928,Margarita Lopez Torres RECAP,0.9568345323741008
45014,45014,99.00,116,3,119,116,3,0.9747899159663865,0.025210084033613446,0.9747899159663865,0.025210084033613446,Margarita Lopez Torres RECAP,0.9747899159663865
45015,45015,99.00,0,0,0,0,0,0,0,0,0,n/a,0
45016,45016,99.00,61,3,64,61,3,0.953125,0.046875,0.953125,0.046875,Margarita Lopez Torres RECAP,0.953125
45017,45017,99.00,34,1,35,34,1,0.9714285714285714,0.02857142857142857,0.9714285714285714,0.02857142857142857,Margarita Lopez Torres RECAP,0.9714285714285714
45018,45018,99.00,0,0,0,0,0,0,0,0,0,n/a,0
45019,45019,99.00,73,2,75,73,2,0.9733333333333334,0.02666666666666667,0.9733333333333334,0.02666666666666667,Margarita Lopez Torres RECAP,0.9733333333333334
45020,45020,99.00,0,0,0,0,0,0,0,0,0,n/a,0
45021,45021,99.00,32,1,33,32,1,0.9696969696969697,0.030303030303030304,0.9696969696969697,0.030303030303030304,Margarita Lopez Torres RECAP,0.9696969696969697
45022,45022,99.00,60,0,60,60,0,1.0,0.0,1.0,0.0,Margarita Lopez Torres RECAP,1.0
45023,45023,99.00,3,0,3,3,0,1.0,0.0,1.0,0.0,Margarita Lopez Torres RECAP,1.0
45024,45024,99.00,4,0,4,4,0,1.0,0.0,1.0,0.0,Margarita Lopez Torres RECAP,1.0
45025,45025,99.00,0,0,0,0,0,0,0,0,0,n/a,0
45026,45026,99.00,67,0,67,67,0,1.0,0.0,1.0,0.0,Margarita Lopez Torres RECAP,1.0
45027,45027,99.00,66,2,68,66,2,0.9705882352941176,0.029411764705882353,0.9705882352941176,0.029411764705882353,Margarita Lopez Torres RECAP,0.9705882352941176
45028,45028,66.67,3,0,3,3,0,1.0,0.0,1.0,0.0,Margarita Lopez Torres RECAP,1.0
45029,45029,99.00,30,1,31,30,1,0.967741935483871,0.03225806451612903,0.967741935483871,0.03225806451612903,Margarita Lopez Torres RECAP,0.967741935483871
45030,45030,66.67,85,2,87,85,2,0.9770114942528736,0.022988505747126436,0.9770114942528736,0.022988505747126436,Margarita Lopez Torres RECAP,0.9770114942528736
45031,45031,99.00,68,2,70,68,2,0.9714285714285714,0.02857142857142857,0.9714285714285714,0.02857142857142857,Margarita Lopez Torres RECAP,0.9714285714285714
45032,45032,99.00,0,0,0,0,0,0,0,0,0,n/a,0
45033,45033,99.00,114,2,116,114,2,0.9827586206896551,0.017241379310344827,0.9827586206896551,0.017241379310344827,Margarita Lopez Torres RECAP,0.9827586206896551
45034,45034,99.00,1,0,1,1,0,1.0,0.0,1.0,0.0,Margarita Lopez Torres RECAP,1.0
45035,45035,99.00,65,4,69,65,4,0.9420289855072463,0.057971014492753624,0.9420289855072463,0.057971014492753624,Margarita Lopez Torres RECAP,0.9420289855072463
45036,45036,99.00,0,0,0,0,0,0,0,0,0,n/a,0
45037,45037,99.00,66,3,69,66,3,0.9565217391304348,0.043478260869565216,0.9565217391304348,0.043478260869565216,Margarita Lopez Torres RECAP,0.9565217391304348
45038,45038,66.67,64,4,68,64,4,0.9411764705882353,0.058823529411764705,0.9411764705882353,0.058823529411764705,Margarita Lopez Torres RECAP,0.9411764705882353
45039,45039,66.67,1,0,1,1,0,1.0,0.0,1.0,0.0,Margarita Lopez Torres RECAP,1.0
45040,45040,99.00,114,3,117,114,3,0.9743589743589743,0.02564102564102564,0.9743589743589743,0.02564102564102564,Margarita Lopez Torres RECAP,0.9743589743589743
45041,45041,99.00,2,0,2,2,0,1.0,0.0,1.0,0.0,Margarita Lopez Torres RECAP,1.0
45042,45042,99.00,0,0,0,0,0,0,0,0,0,n/a,0
45043,45043,99.00,105,3,108,105,3,0.9722222222222222,0.027777777777777776,0.9722222222222222,0.027777777777777776,Margarita Lopez Torres RECAP,0.9722222222222222
45044,45044,99.00,125,0,125,125,0,1.0,0.0,1.0,0.0,Margarita Lopez Torres RECAP,1.0
45045,45045,99.00,0,0,0,0,0,0,0,0,0,n/a,0
45046,45046,99.00,106,0,106,106,0,1.0,0.0,1.0,0.0,Margarita Lopez Torres RECAP,1.0
45047,45047,99.00,16,0,16,16,0,1.0,0.0,1.0,0.0,Margarita Lopez Torres RECAP,1.0
45048,45048,99.00,84,2,86,84,2,0.9767441860465116,0.023255813953488372,0.9767441860465116,0.023255813953488372,Margarita Lopez Torres RECAP,0.9767441860465116
45049,45049,99.00,0,0,0,0,0,0,0,0,0,n/a,0
45050,45050,99.00,74,3,77,74,3,0.961038961038961,0.03896103896103896,0.961038961038961,0.03896103896103896,Margarita Lopez Torres RECAP,0.961038961038961
45051,45051,99.00,49,1,50,49,1,0.98,0.02,0.98,0.02,Margarita Lopez Torres RECAP,0.98
45052,45052,99.00,1,0,1,1,0,1.0,0.0,1.0,0.0,Margarita Lopez Torres RECAP,1.0
45053,45053,99.00,81,2,83,81,2,0.9759036144578314,0.024096385542168676,0.9759036144578314,0.024096385542168676,Margarita Lopez Torres RECAP,0.9759036144578314
45054,45054,99.00,2,0,2,2,0,1.0,0.0,1.0,0.0,Margarita Lopez Torres RECAP,1.0
45055,45055,99.00,0,0,0,0,0,0,0,0,0,n/a,0
45056,45056,66.67,3,0,3,3,0,1.0,0.0,1.0,0.0,Margarita Lopez Torres RECAP,1.0
45057,45057,99.00,68,1,69,68,1,0.9855072463768116,0.014492753623188406,0.9855072463768116,0.014492753623188406,Margarita Lopez Torres RECAP,0.9855072463768116
45058,45058,99.00,2,0,2,2,0,1.0,0.0,1.0,0.0,Margarita Lopez Torres RECAP,1.0
45059,45059,99.00,113,2,115,113,2,0.9826086956521739,0.017391304347826087,0.9826086956521739,0.017391304347826087,Margarita Lopez Torres RECAP,0.9826086956521739
45060,45060,99.00,100,3,103,100,3,0.970873786407767,0.02912621359223301,0.970873786407767,0.02912621359223301,Margarita Lopez Torres RECAP,0.970873786407767
45061,45061,99.00,0,0,0,0,0,0,0,0,0,n/a,0
45062,45062,99.00,73,0,73,73,0,1.0,0.0,1.0,0.0,Margarita Lopez Torres RECAP,1.0
45063,45063,99.00,0,0,0,0,0,0,0,0,0,n/a,0
45064,45064,99.00,30,4,34,30,4,0.8823529411764706,0.11764705882352941,0.8823529411764706,0.11764705882352941,Margarita Lopez Torres RECAP,0.8823529411764706
45065,45065,99.00,2,0,2,2,0,1.0,0.0,1.0,0.0,Margarita Lopez Torres RECAP,1.0
45066,45066,0.00,1,0,1,1,0,1.0,0.0,1.0,0.0,Margarita Lopez Torres RECAP,1.0
45067,45067,99.00,0,0,0,0,0,0,0,0,0,n/a,0
45068,45068,99.00,63,1,64,63,1,0.984375,0.015625,0.984375,0.015625,Margarita Lopez Torres RECAP,0.984375
45069,45069,99.00,113,4,117,113,4,0.9658119658119658,0.03418803418803419,0.9658119658119658,0.03418803418803419,Margarita Lopez Torres RECAP,0.9658119658119658
45070,45070,99.00,2,0,2,2,0,1.0,0.0,1.0,0.0,Margarita Lopez Torres RECAP,1.0
45071,45071,99.00,3,0,3,3,0,1.0,0.0,1.0,0.0,Margarita Lopez Torres RECAP,1.0
45072,45072,99.00,0,0,0,0,0,0,0,0,0,n/a,0
45073,45073,99.00,64,2,66,64,2,0.9696969696969697,0.030303030303030304,0.9696969696969697,0.030303030303030304,Margarita Lopez Torres RECAP,0.9696969696969697
45074,45074,99.00,67,4,71,67,4,0.9436619718309859,0.056338028169014086,0.9436619718309859,0.056338028169014086,Margarita Lopez Torres RECAP,0.9436619718309859
45075,45075,99.00,79,3,82,79,3,0.9634146341463414,0.036585365853658534,0.9634146341463414,0.036585365853658534,Margarita Lopez Torres RECAP,0.9634146341463414
45076,45076,99.00,2,0,2,2,0,1.0,0.0,1.0,0.0,Margarita Lopez Torres RECAP,1.0
45077,45077,99.00,0,0,0,0,0,0,0,0,0,n/a,0
45078,45078,99.00,130,5,135,130,5,0.9629629629629629,0.037037037037037035,0.9629629629629629,0.037037037037037035,Margarita Lopez Torres RECAP,0.9629629629629629
45079,45079,99.00,0,0,0,0,0,0,0,0,0,n/a,0
45080,45080,99.00,0,0,0,0,0,0,0,0,0,n/a,0
46001,46001,99.00,2,0,2,2,0,1.0,0.0,1.0,0.0,Margarita Lopez Torres RECAP,1.0
46002,46002,99.00,5,0,5,5,0,1.0,0.0,1.0,0.0,Margarita Lopez Torres RECAP,1.0
46003,46003,99.00,87,2,89,87,2,0.9775280898876404,0.02247191011235955,0.9775280898876404,0.02247191011235955,Margarita Lopez Torres RECAP,0.9775280898876404
46004,46004,99.00,137,1,138,137,1,0.9927536231884058,0.007246376811594203,0.9927536231884058,0.007246376811594203,Margarita Lopez Torres RECAP,0.9927536231884058
46005,46005,99.00,107,0,107,107,0,1.0,0.0,1.0,0.0,Margarita Lopez Torres RECAP,1.0
46006,46006,99.00,3,0,3,3,0,1.0,0.0,1.0,0.0,Margarita Lopez Torres RECAP,1.0
46007,46007,99.00,6,0,6,6,0,1.0,0.0,1.0,0.0,Margarita Lopez Torres RECAP,1.0
46008,46008,99.00,168,2,170,168,2,0.9882352941176471,0.011764705882352941,0.9882352941176471,0.011764705882352941,Margarita Lopez Torres RECAP,0.9882352941176471
46009,46009,99.00,12,0,12,12,0,1.0,0.0,1.0,0.0,Margarita Lopez Torres RECAP,1.0
46010,46010,99.00,178,0,178,178,0,1.0,0.0,1.0,0.0,Margarita Lopez Torres RECAP,1.0
46011,46011,99.00,40,0,40,40,0,1.0,0.0,1.0,0.0,Margarita Lopez Torres RECAP,1.0
46012,46012,99.00,151,0,151,151,0,1.0,0.0,1.0,0.0,Margarita Lopez Torres RECAP,1.0
46013,46013,99.00,7,0,7,7,0,1.0,0.0,1.0,0.0,Margarita Lopez Torres RECAP,1.0
46014,46014,99.00,137,0,137,137,0,1.0,0.0,1.0,0.0,Margarita Lopez Torres RECAP,1.0
46015,46015,99.00,1,0,1,1,0,1.0,0.0,1.0,0.0,Margarita Lopez Torres RECAP,1.0
46016,46016,99.00,101,1,102,101,1,0.9901960784313726,0.00980392156862745,0.9901960784313726,0.00980392156862745,Margarita Lopez Torres RECAP,0.9901960784313726
46017,46017,99.00,52,1,53,52,1,0.9811320754716981,0.018867924528301886,0.9811320754716981,0.018867924528301886,Margarita Lopez Torres RECAP,0.9811320754716981
46018,46018,99.00,1,0,1,1,0,1.0,0.0,1.0,0.0,Margarita Lopez Torres RECAP,1.0
46019,46019,99.00,70,2,72,70,2,0.9722222222222222,0.027777777777777776,0.9722222222222222,0.027777777777777776,Margarita Lopez Torres RECAP,0.9722222222222222
46020,46020,99.00,65,2,67,65,2,0.9701492537313433,0.029850746268656716,0.9701492537313433,0.029850746268656716,Margarita Lopez Torres RECAP,0.9701492537313433
46021,46021,99.00,0,0,0,0,0,0,0,0,0,n/a,0
46022,46022,99.00,42,1,43,42,1,0.9767441860465116,0.023255813953488372,0.9767441860465116,0.023255813953488372,Margarita Lopez Torres RECAP,0.9767441860465116
46023,46023,99.00,40,0,40,40,0,1.0,0.0,1.0,0.0,Margarita Lopez Torres RECAP,1.0
46024,46024,99.00,60,0,60,60,0,1.0,0.0,1.0,0.0,Margarita Lopez Torres RECAP,1.0
46025,46025,99.00,0,0,0,0,0,0,0,0,0,n/a,0
46026,46026,50.00,21,0,21,21,0,1.0,0.0,1.0,0.0,Margarita Lopez Torres RECAP,1.0
46027,46027,99.00,64,2,66,64,2,0.9696969696969697,0.030303030303030304,0.9696969696969697,0.030303030303030304,Margarita Lopez Torres RECAP,0.9696969696969697
46028,46028,99.00,0,0,0,0,0,0,0,0,0,n/a,0
46029,46029,99.00,49,4,53,49,4,0.9245283018867925,0.07547169811320754,0.9245283018867925,0.07547169811320754,Margarita Lopez Torres RECAP,0.9245283018867925
46030,46030,99.00,104,3,107,104,3,0.9719626168224299,0.028037383177570093,0.9719626168224299,0.028037383177570093,Margarita Lopez Torres RECAP,0.9719626168224299
46031,46031,99.00,174,4,178,174,4,0.9775280898876404,0.02247191011235955,0.9775280898876404,0.02247191011235955,Margarita Lopez Torres RECAP,0.9775280898876404
46032,46032,99.00,11,0,11,11,0,1.0,0.0,1.0,0.0,Margarita Lopez Torres RECAP,1.0
46033,46033,99.00,180,0,180,180,0,1.0,0.0,1.0,0.0,Margarita Lopez Torres RECAP,1.0
46034,46034,99.00,5,0,5,5,0,1.0,0.0,1.0,0.0,Margarita Lopez Torres RECAP,1.0
46035,46035,99.00,0,0,0,0,0,0,0,0,0,n/a,0
46036,46036,99.00,7,0,7,7,0,1.0,0.0,1.0,0.0,Margarita Lopez Torres RECAP,1.0
46037,46037,99.00,0,0,0,0,0,0,0,0,0,n/a,0
46038,46038,99.00,71,1,72,71,1,0.9861111111111112,0.013888888888888888,0.9861111111111112,0.013888888888888888,Margarita Lopez Torres RECAP,0.9861111111111112
46039,46039,99.00,2,0,2,2,0,1.0,0.0,1.0,0.0,Margarita Lopez Torres RECAP,1.0
46040,46040,99.00,25,1,26,25,1,0.9615384615384616,0.038461538461538464,0.9615384615384616,0.038461538461538464,Margarita Lopez Torres RECAP,0.9615384615384616
46041,46041,99.00,145,9,154,145,9,0.9415584415584416,0.05844155844155844,0.9415584415584416,0.05844155844155844,Margarita Lopez Torres RECAP,0.9415584415584416
46042,46042,99.00,105,6,111,105,6,0.9459459459459459,0.05405405405405406,0.9459459459459459,0.05405405405405406,Margarita Lopez Torres RECAP,0.9459459459459459
46043,46043,99.00,30,2,32,30,2,0.9375,0.0625,0.9375,0.0625,Margarita Lopez Torres RECAP,0.9375
46044,46044,99.00,33,1,34,33,1,0.9705882352941176,0.029411764705882353,0.9705882352941176,0.029411764705882353,Margarita Lopez Torres RECAP,0.9705882352941176
46045,46045,99.00,47,1,48,47,1,0.9791666666666666,0.020833333333333332,0.9791666666666666,0.020833333333333332,Margarita Lopez Torres RECAP,0.9791666666666666
46046,46046,99.00,30,0,30,30,0,1.0,0.0,1.0,0.0,Margarita Lopez Torres RECAP,1.0
46047,46047,99.00,67,1,68,67,1,0.9852941176470589,0.014705882352941176,0.9852941176470589,0.014705882352941176,Margarita Lopez Torres RECAP,0.9852941176470589
46048,46048,99.00,91,1,92,91,1,0.9891304347826086,0.010869565217391304,0.9891304347826086,0.010869565217391304,Margarita Lopez Torres RECAP,0.9891304347826086
46049,46049,99.00,204,6,210,204,6,0.9714285714285714,0.02857142857142857,0.9714285714285714,0.02857142857142857,Margarita Lopez Torres RECAP,0.9714285714285714
46050,46050,99.00,122,3,125,122,3,0.976,0.024,0.976,0.024,Margarita Lopez Torres RECAP,0.976
46051,46051,33.33,119,3,122,119,3,0.9754098360655737,0.02459016393442623,0.9754098360655737,0.02459016393442623,Margarita Lopez Torres RECAP,0.9754098360655737
46052,46052,99.00,5,0,5,5,0,1.0,0.0,1.0,0.0,Margarita Lopez Torres RECAP,1.0
46053,46053,99.00,133,4,137,133,4,0.9708029197080292,0.029197080291970802,0.9708029197080292,0.029197080291970802,Margarita Lopez Torres RECAP,0.9708029197080292
46054,46054,99.00,122,1,123,122,1,0.991869918699187,0.008130081300813009,0.991869918699187,0.008130081300813009,Margarita Lopez Torres RECAP,0.991869918699187
46055,46055,99.00,99,4,103,99,4,0.9611650485436893,0.038834951456310676,0.9611650485436893,0.038834951456310676,Margarita Lopez Torres RECAP,0.9611650485436893
46056,46056,99.00,135,3,138,135,3,0.9782608695652174,0.021739130434782608,0.9782608695652174,0.021739130434782608,Margarita Lopez Torres RECAP,0.9782608695652174
46057,46057,99.00,7,0,7,7,0,1.0,0.0,1.0,0.0,Margarita Lopez Torres RECAP,1.0
46058,46058,99.00,140,0,140,140,0,1.0,0.0,1.0,0.0,Margarita Lopez Torres RECAP,1.0
46059,46059,99.00,117,2,119,117,2,0.9831932773109243,0.01680672268907563,0.9831932773109243,0.01680672268907563,Margarita Lopez Torres RECAP,0.9831932773109243
46060,46060,99.00,221,8,229,221,8,0.9650655021834061,0.034934497816593885,0.9650655021834061,0.034934497816593885,Margarita Lopez Torres RECAP,0.9650655021834061
46061,46061,99.00,10,1,11,10,1,0.9090909090909091,0.09090909090909091,0.9090909090909091,0.09090909090909091,Margarita Lopez Torres RECAP,0.9090909090909091
46062,46062,99.00,229,3,232,229,3,0.9870689655172413,0.01293103448275862,0.9870689655172413,0.01293103448275862,Margarita Lopez Torres RECAP,0.9870689655172413
46063,46063,99.00,145,3,148,145,3,0.9797297297297297,0.02027027027027027,0.9797297297297297,0.02027027027027027,Margarita Lopez Torres RECAP,0.9797297297297297
46064,46064,99.00,146,5,151,146,5,0.9668874172185431,0.033112582781456956,0.9668874172185431,0.033112582781456956,Margarita Lopez Torres RECAP,0.9668874172185431
46065,46065,99.00,153,1,154,153,1,0.9935064935064936,0.006493506493506494,0.9935064935064936,0.006493506493506494,Margarita Lopez Torres RECAP,0.9935064935064936
46066,46066,99.00,101,3,104,101,3,0.9711538461538461,0.028846153846153848,0.9711538461538461,0.028846153846153848,Margarita Lopez Torres RECAP,0.9711538461538461
46067,46067,99.00,108,1,109,108,1,0.9908256880733946,0.009174311926605505,0.9908256880733946,0.009174311926605505,Margarita Lopez Torres RECAP,0.9908256880733946
46068,46068,99.00,86,5,91,86,5,0.945054945054945,0.054945054945054944,0.945054945054945,0.054945054945054944,Margarita Lopez Torres RECAP,0.945054945054945
46069,46069,99.00,78,2,80,78,2,0.975,0.025,0.975,0.025,Margarita Lopez Torres RECAP,0.975
46070,46070,99.00,2,0,2,2,0,1.0,0.0,1.0,0.0,Margarita Lopez Torres RECAP,1.0
46071,46071,99.00,78,2,80,78,2,0.975,0.025,0.975,0.025,Margarita Lopez Torres RECAP,0.975
46072,46072,99.00,100,3,103,100,3,0.970873786407767,0.02912621359223301,0.970873786407767,0.02912621359223301,Margarita Lopez Torres RECAP,0.970873786407767
46073,46073,99.00,103,3,106,103,3,0.9716981132075472,0.02830188679245283,0.9716981132075472,0.02830188679245283,Margarita Lopez Torres RECAP,0.9716981132075472
46074,46074,99.00,2,0,2,2,0,1.0,0.0,1.0,0.0,Margarita Lopez Torres RECAP,1.0
46075,46075,99.00,190,3,193,190,3,0.9844559585492227,0.015544041450777202,0.9844559585492227,0.015544041450777202,Margarita Lopez Torres RECAP,0.9844559585492227
46076,46076,99.00,5,0,5,5,0,1.0,0.0,1.0,0.0,Margarita Lopez Torres RECAP,1.0
46077,46077,99.00,52,2,54,52,2,0.9629629629629629,0.037037037037037035,0.9629629629629629,0.037037037037037035,Margarita Lopez Torres RECAP,0.9629629629629629
46078,46078,99.00,231,5,236,231,5,0.9788135593220338,0.0211864406779661,0.9788135593220338,0.0211864406779661,Margarita Lopez Torres RECAP,0.9788135593220338
46079,46079,99.00,103,6,109,103,6,0.944954128440367,0.05504587155963303,0.944954128440367,0.05504587155963303,Margarita Lopez Torres RECAP,0.944954128440367
46080,46080,99.00,147,1,148,147,1,0.9932432432432432,0.006756756756756757,0.9932432432432432,0.006756756756756757,Margarita Lopez Torres RECAP,0.9932432432432432
46081,46081,99.00,1,0,1,1,0,1.0,0.0,1.0,0.0,Margarita Lopez Torres RECAP,1.0
46082,46082,99.00,0,0,0,0,0,0,0,0,0,n/a,0
46083,46083,99.00,0,0,0,0,0,0,0,0,0,n/a,0
46084,46084,99.00,0,0,0,0,0,0,0,0,0,n/a,0
47001,47001,99.00,98,5,103,98,5,0.9514563106796117,0.04854368932038835,0.9514563106796117,0.04854368932038835,Margarita Lopez Torres RECAP,0.9514563106796117
47002,47002,99.00,7,0,7,7,0,1.0,0.0,1.0,0.0,Margarita Lopez Torres RECAP,1.0
47003,47003,99.00,56,0,56,56,0,1.0,0.0,1.0,0.0,Margarita Lopez Torres RECAP,1.0
47004,47004,44.44,1,0,1,1,0,1.0,0.0,1.0,0.0,Margarita Lopez Torres RECAP,1.0
47005,47005,99.00,6,0,6,6,0,1.0,0.0,1.0,0.0,Margarita Lopez Torres RECAP,1.0
47006,47006,99.00,133,8,141,133,8,0.9432624113475178,0.05673758865248227,0.9432624113475178,0.05673758865248227,Margarita Lopez Torres RECAP,0.9432624113475178
47007,47007,99.00,8,0,8,8,0,1.0,0.0,1.0,0.0,Margarita Lopez Torres RECAP,1.0
47008,47008,99.00,149,2,151,149,2,0.9867549668874173,0.013245033112582781,0.9867549668874173,0.013245033112582781,Margarita Lopez Torres RECAP,0.9867549668874173
47009,47009,99.00,129,2,131,129,2,0.9847328244274809,0.015267175572519083,0.9847328244274809,0.015267175572519083,Margarita Lopez Torres RECAP,0.9847328244274809
47010,47010,99.00,11,1,12,11,1,0.9166666666666666,0.08333333333333333,0.9166666666666666,0.08333333333333333,Margarita Lopez Torres RECAP,0.9166666666666666
47011,47011,99.00,2,0,2,2,0,1.0,0.0,1.0,0.0,Margarita Lopez Torres RECAP,1.0
47012,47012,99.00,94,3,97,94,3,0.9690721649484536,0.030927835051546393,0.9690721649484536,0.030927835051546393,Margarita Lopez Torres RECAP,0.9690721649484536
47013,47013,99.00,140,0,140,140,0,1.0,0.0,1.0,0.0,Margarita Lopez Torres RECAP,1.0
47014,47014,99.00,68,1,69,68,1,0.9855072463768116,0.014492753623188406,0.9855072463768116,0.014492753623188406,Margarita Lopez Torres RECAP,0.9855072463768116
47015,47015,99.00,75,0,75,75,0,1.0,0.0,1.0,0.0,Margarita Lopez Torres RECAP,1.0
47016,47016,99.00,3,0,3,3,0,1.0,0.0,1.0,0.0,Margarita Lopez Torres RECAP,1.0
47017,47017,99.00,75,2,77,75,2,0.974025974025974,0.025974025974025976,0.974025974025974,0.025974025974025976,Margarita Lopez Torres RECAP,0.974025974025974
47018,47018,99.00,50,1,51,50,1,0.9803921568627451,0.0196078431372549,0.9803921568627451,0.0196078431372549,Margarita Lopez Torres RECAP,0.9803921568627451
47019,47019,99.00,0,0,0,0,0,0,0,0,0,n/a,0
47020,47020,99.00,87,1,88,87,1,0.9886363636363636,0.011363636363636364,0.9886363636363636,0.011363636363636364,Margarita Lopez Torres RECAP,0.9886363636363636
47021,47021,99.00,4,0,4,4,0,1.0,0.0,1.0,0.0,Margarita Lopez Torres RECAP,1.0
47022,47022,99.00,4,0,4,4,0,1.0,0.0,1.0,0.0,Margarita Lopez Torres RECAP,1.0
47023,47023,99.00,116,3,119,116,3,0.9747899159663865,0.025210084033613446,0.9747899159663865,0.025210084033613446,Margarita Lopez Torres RECAP,0.9747899159663865
47024,47024,99.00,113,2,115,113,2,0.9826086956521739,0.017391304347826087,0.9826086956521739,0.017391304347826087,Margarita Lopez Torres RECAP,0.9826086956521739
47025,47025,99.00,120,0,120,120,0,1.0,0.0,1.0,0.0,Margarita Lopez Torres RECAP,1.0
47026,47026,99.00,60,4,64,60,4,0.9375,0.0625,0.9375,0.0625,Margarita Lopez Torres RECAP,0.9375
47027,47027,99.00,91,0,91,91,0,1.0,0.0,1.0,0.0,Margarita Lopez Torres RECAP,1.0
47028,47028,99.00,137,1,138,137,1,0.9927536231884058,0.007246376811594203,0.9927536231884058,0.007246376811594203,Margarita Lopez Torres RECAP,0.9927536231884058
47029,47029,99.00,100,3,103,100,3,0.970873786407767,0.02912621359223301,0.970873786407767,0.02912621359223301,Margarita Lopez Torres RECAP,0.970873786407767
47030,47030,99.00,3,2,5,3,2,0.6,0.4,0.6,0.4,Margarita Lopez Torres RECAP,0.6
47031,47031,99.00,89,4,93,89,4,0.956989247311828,0.043010752688172046,0.956989247311828,0.043010752688172046,Margarita Lopez Torres RECAP,0.956989247311828
47032,47032,99.00,3,0,3,3,0,1.0,0.0,1.0,0.0,Margarita Lopez Torres RECAP,1.0
47033,47033,99.00,1,0,1,1,0,1.0,0.0,1.0,0.0,Margarita Lopez Torres RECAP,1.0
47034,47034,99.00,0,0,0,0,0,0,0,0,0,n/a,0
47035,47035,99.00,0,0,0,0,0,0,0,0,0,n/a,0
47036,47036,99.00,2,0,2,2,0,1.0,0.0,1.0,0.0,Margarita Lopez Torres RECAP,1.0
47037,47037,99.00,88,1,89,88,1,0.9887640449438202,0.011235955056179775,0.9887640449438202,0.011235955056179775,Margarita Lopez Torres RECAP,0.9887640449438202
47038,47038,99.00,5,0,5,5,0,1.0,0.0,1.0,0.0,Margarita Lopez Torres RECAP,1.0
47039,47039,99.00,1,0,1,1,0,1.0,0.0,1.0,0.0,Margarita Lopez Torres RECAP,1.0
47040,47040,99.00,71,1,72,71,1,0.9861111111111112,0.013888888888888888,0.9861111111111112,0.013888888888888888,Margarita Lopez Torres RECAP,0.9861111111111112
47041,47041,99.00,0,0,0,0,0,0,0,0,0,n/a,0
47042,47042,99.00,3,0,3,3,0,1.0,0.0,1.0,0.0,Margarita Lopez Torres RECAP,1.0
47043,47043,99.00,123,2,125,123,2,0.984,0.016,0.984,0.016,Margarita Lopez Torres RECAP,0.984
47044,47044,99.00,119,5,124,119,5,0.9596774193548387,0.04032258064516129,0.9596774193548387,0.04032258064516129,Margarita Lopez Torres RECAP,0.9596774193548387
47045,47045,99.00,80,1,81,80,1,0.9876543209876543,0.012345679012345678,0.9876543209876543,0.012345679012345678,Margarita Lopez Torres RECAP,0.9876543209876543
47046,47046,99.00,53,1,54,53,1,0.9814814814814815,0.018518518518518517,0.9814814814814815,0.018518518518518517,Margarita Lopez Torres RECAP,0.9814814814814815
47047,47047,99.00,83,1,84,83,1,0.9880952380952381,0.011904761904761904,0.9880952380952381,0.011904761904761904,Margarita Lopez Torres RECAP,0.9880952380952381
47048,47048,99.00,95,3,98,95,3,0.9693877551020408,0.030612244897959183,0.9693877551020408,0.030612244897959183,Margarita Lopez Torres RECAP,0.9693877551020408
47049,47049,99.00,5,0,5,5,0,1.0,0.0,1.0,0.0,Margarita Lopez Torres RECAP,1.0
47050,47050,99.00,133,1,134,133,1,0.9925373134328358,0.007462686567164179,0.9925373134328358,0.007462686567164179,Margarita Lopez Torres RECAP,0.9925373134328358
47051,47051,99.00,116,3,119,116,3,0.9747899159663865,0.025210084033613446,0.9747899159663865,0.025210084033613446,Margarita Lopez Torres RECAP,0.9747899159663865
47052,47052,99.00,2,0,2,2,0,1.0,0.0,1.0,0.0,Margarita Lopez Torres RECAP,1.0
47053,47053,99.00,135,2,137,135,2,0.9854014598540146,0.014598540145985401,0.9854014598540146,0.014598540145985401,Margarita Lopez Torres RECAP,0.9854014598540146
47054,47054,99.00,2,0,2,2,0,1.0,0.0,1.0,0.0,Margarita Lopez Torres RECAP,1.0
47055,47055,99.00,123,2,125,123,2,0.984,0.016,0.984,0.016,Margarita Lopez Torres RECAP,0.984
47056,47056,99.00,0,0,0,0,0,0,0,0,0,n/a,0
47057,47057,99.00,85,1,86,85,1,0.9883720930232558,0.011627906976744186,0.9883720930232558,0.011627906976744186,Margarita Lopez Torres RECAP,0.9883720930232558
47058,47058,99.00,65,0,65,65,0,1.0,0.0,1.0,0.0,Margarita Lopez Torres RECAP,1.0
47059,47059,99.00,55,0,55,55,0,1.0,0.0,1.0,0.0,Margarita Lopez Torres RECAP,1.0
47060,47060,99.00,0,0,0,0,0,0,0,0,0,n/a,0
47061,47061,99.00,53,1,54,53,1,0.9814814814814815,0.018518518518518517,0.9814814814814815,0.018518518518518517,Margarita Lopez Torres RECAP,0.9814814814814815
47062,47062,99.00,79,0,79,79,0,1.0,0.0,1.0,0.0,Margarita Lopez Torres RECAP,1.0
47063,47063,99.00,48,1,49,48,1,0.9795918367346939,0.02040816326530612,0.9795918367346939,0.02040816326530612,Margarita Lopez Torres RECAP,0.9795918367346939
47064,47064,99.00,83,7,90,83,7,0.9222222222222223,0.07777777777777778,0.9222222222222223,0.07777777777777778,Margarita Lopez Torres RECAP,0.9222222222222223
47065,47065,99.00,5,0,5,5,0,1.0,0.0,1.0,0.0,Margarita Lopez Torres RECAP,1.0
47066,47066,99.00,1,0,1,1,0,1.0,0.0,1.0,0.0,Margarita Lopez Torres RECAP,1.0
47067,47067,99.00,0,0,0,0,0,0,0,0,0,n/a,0
47068,47068,99.00,1,0,1,1,0,1.0,0.0,1.0,0.0,Margarita Lopez Torres RECAP,1.0
47069,47069,99.00,7,0,7,7,0,1.0,0.0,1.0,0.0,Margarita Lopez Torres RECAP,1.0
47070,47070,99.00,80,0,80,80,0,1.0,0.0,1.0,0.0,Margarita Lopez Torres RECAP,1.0
47071,47071,99.00,10,0,10,10,0,1.0,0.0,1.0,0.0,Margarita Lopez Torres RECAP,1.0
47072,47072,44.44,45,3,48,45,3,0.9375,0.0625,0.9375,0.0625,Margarita Lopez Torres RECAP,0.9375
47073,47073,99.00,0,0,0,0,0,0,0,0,0,n/a,0
47074,47074,99.00,0,0,0,0,0,0,0,0,0,n/a,0
48001,48001,99.00,0,0,0,0,0,0,0,0,0,n/a,0
48002,48002,99.00,0,0,0,0,0,0,0,0,0,n/a,0
48003,48003,99.00,39,1,40,39,1,0.975,0.025,0.975,0.025,Margarita Lopez Torres RECAP,0.975
48004,48004,99.00,97,4,101,97,4,0.9603960396039604,0.039603960396039604,0.9603960396039604,0.039603960396039604,Margarita Lopez Torres RECAP,0.9603960396039604
48005,48005,99.00,43,2,45,43,2,0.9555555555555556,0.044444444444444446,0.9555555555555556,0.044444444444444446,Margarita Lopez Torres RECAP,0.9555555555555556
48006,48006,99.00,3,1,4,3,1,0.75,0.25,0.75,0.25,Margarita Lopez Torres RECAP,0.75
48007,48007,99.00,28,0,28,28,0,1.0,0.0,1.0,0.0,Margarita Lopez Torres RECAP,1.0
48008,48008,99.00,8,1,9,8,1,0.8888888888888888,0.1111111111111111,0.8888888888888888,0.1111111111111111,Margarita Lopez Torres RECAP,0.8888888888888888
48009,48009,99.00,37,5,42,37,5,0.8809523809523809,0.11904761904761904,0.8809523809523809,0.11904761904761904,Margarita Lopez Torres RECAP,0.8809523809523809
48010,48010,99.00,51,8,59,51,8,0.864406779661017,0.13559322033898305,0.864406779661017,0.13559322033898305,Margarita Lopez Torres RECAP,0.864406779661017
48011,48011,99.00,0,0,0,0,0,0,0,0,0,n/a,0
48012,48012,99.00,1,0,1,1,0,1.0,0.0,1.0,0.0,Margarita Lopez Torres RECAP,1.0
48013,48013,99.00,0,0,0,0,0,0,0,0,0,n/a,0
48014,48014,99.00,27,1,28,27,1,0.9642857142857143,0.03571428571428571,0.9642857142857143,0.03571428571428571,Margarita Lopez Torres RECAP,0.9642857142857143
48015,48015,99.00,81,6,87,81,6,0.9310344827586207,0.06896551724137931,0.9310344827586207,0.06896551724137931,Margarita Lopez Torres RECAP,0.9310344827586207
48016,48016,99.00,55,3,58,55,3,0.9482758620689655,0.05172413793103448,0.9482758620689655,0.05172413793103448,Margarita Lopez Torres RECAP,0.9482758620689655
48017,48017,99.00,0,0,0,0,0,0,0,0,0,n/a,0
48018,48018,99.00,45,3,48,45,3,0.9375,0.0625,0.9375,0.0625,Margarita Lopez Torres RECAP,0.9375
48019,48019,99.00,75,2,77,75,2,0.974025974025974,0.025974025974025976,0.974025974025974,0.025974025974025976,Margarita Lopez Torres RECAP,0.974025974025974
48020,48020,99.00,0,0,0,0,0,0,0,0,0,n/a,0
48021,48021,99.00,23,2,25,23,2,0.92,0.08,0.92,0.08,Margarita Lopez Torres RECAP,0.92
48022,48022,99.00,2,0,2,2,0,1.0,0.0,1.0,0.0,Margarita Lopez Torres RECAP,1.0
48023,48023,99.00,44,2,46,44,2,0.9565217391304348,0.043478260869565216,0.9565217391304348,0.043478260869565216,Margarita Lopez Torres RECAP,0.9565217391304348
48024,48024,99.00,32,4,36,32,4,0.8888888888888888,0.1111111111111111,0.8888888888888888,0.1111111111111111,Margarita Lopez Torres RECAP,0.8888888888888888
48025,48025,99.00,30,3,33,30,3,0.9090909090909091,0.09090909090909091,0.9090909090909091,0.09090909090909091,Margarita Lopez Torres RECAP,0.9090909090909091
48026,48026,99.00,155,11,166,155,11,0.9337349397590361,0.06626506024096386,0.9337349397590361,0.06626506024096386,Margarita Lopez Torres RECAP,0.9337349397590361
48027,48027,99.00,0,0,0,0,0,0,0,0,0,n/a,0
48028,48028,99.00,3,0,3,3,0,1.0,0.0,1.0,0.0,Margarita Lopez Torres RECAP,1.0
48029,48029,99.00,80,6,86,80,6,0.9302325581395349,0.06976744186046512,0.9302325581395349,0.06976744186046512,Margarita Lopez Torres RECAP,0.9302325581395349
48030,48030,99.00,62,6,68,62,6,0.9117647058823529,0.08823529411764706,0.9117647058823529,0.08823529411764706,Margarita Lopez Torres RECAP,0.9117647058823529
48031,48031,99.00,66,0,66,66,0,1.0,0.0,1.0,0.0,Margarita Lopez Torres RECAP,1.0
48032,48032,99.00,95,5,100,95,5,0.95,0.05,0.95,0.05,Margarita Lopez Torres RECAP,0.95
48033,48033,99.00,7,0,7,7,0,1.0,0.0,1.0,0.0,Margarita Lopez Torres RECAP,1.0
48034,48034,99.00,24,2,26,24,2,0.9230769230769231,0.07692307692307693,0.9230769230769231,0.07692307692307693,Margarita Lopez Torres RECAP,0.9230769230769231
48035,48035,99.00,6,0,6,6,0,1.0,0.0,1.0,0.0,Margarita Lopez Torres RECAP,1.0
48036,48036,99.00,86,3,89,86,3,0.9662921348314607,0.033707865168539325,0.9662921348314607,0.033707865168539325,Margarita Lopez Torres RECAP,0.9662921348314607
48037,48037,99.00,5,0,5,5,0,1.0,0.0,1.0,0.0,Margarita Lopez Torres RECAP,1.0
48038,48038,99.00,3,0,3,3,0,1.0,0.0,1.0,0.0,Margarita Lopez Torres RECAP,1.0
48039,48039,99.00,3,0,3,3,0,1.0,0.0,1.0,0.0,Margarita Lopez Torres RECAP,1.0
48040,48040,99.00,63,8,71,63,8,0.8873239436619719,0.11267605633802817,0.8873239436619719,0.11267605633802817,Margarita Lopez Torres RECAP,0.8873239436619719
48041,48041,99.00,1,0,1,1,0,1.0,0.0,1.0,0.0,Margarita Lopez Torres RECAP,1.0
48042,48042,99.00,115,7,122,115,7,0.9426229508196722,0.05737704918032787,0.9426229508196722,0.05737704918032787,Margarita Lopez Torres RECAP,0.9426229508196722
48043,48043,99.00,101,0,101,101,0,1.0,0.0,1.0,0.0,Margarita Lopez Torres RECAP,1.0
48044,48044,99.00,70,0,70,70,0,1.0,0.0,1.0,0.0,Margarita Lopez Torres RECAP,1.0
48045,48045,99.00,3,0,3,3,0,1.0,0.0,1.0,0.0,Margarita Lopez Torres RECAP,1.0
48046,48046,99.00,3,0,3,3,0,1.0,0.0,1.0,0.0,Margarita Lopez Torres RECAP,1.0
48047,48047,99.00,78,4,82,78,4,0.9512195121951219,0.04878048780487805,0.9512195121951219,0.04878048780487805,Margarita Lopez Torres RECAP,0.9512195121951219
48048,48048,99.00,51,4,55,51,4,0.9272727272727272,0.07272727272727272,0.9272727272727272,0.07272727272727272,Margarita Lopez Torres RECAP,0.9272727272727272
48049,48049,99.00,20,1,21,20,1,0.9523809523809523,0.047619047619047616,0.9523809523809523,0.047619047619047616,Margarita Lopez Torres RECAP,0.9523809523809523
48050,48050,75.00,26,1,27,26,1,0.9629629629629629,0.037037037037037035,0.9629629629629629,0.037037037037037035,Margarita Lopez Torres RECAP,0.9629629629629629
48051,48051,99.00,116,4,120,116,4,0.9666666666666667,0.03333333333333333,0.9666666666666667,0.03333333333333333,Margarita Lopez Torres RECAP,0.9666666666666667
48052,48052,99.00,44,0,44,44,0,1.0,0.0,1.0,0.0,Margarita Lopez Torres RECAP,1.0
48053,48053,99.00,0,0,0,0,0,0,0,0,0,n/a,0
48054,48054,99.00,5,1,6,5,1,0.8333333333333334,0.16666666666666666,0.8333333333333334,0.16666666666666666,Margarita Lopez Torres RECAP,0.8333333333333334
48055,48055,99.00,185,4,189,185,4,0.9788359788359788,0.021164021164021163,0.9788359788359788,0.021164021164021163,Margarita Lopez Torres RECAP,0.9788359788359788
48056,48056,99.00,152,1,153,152,1,0.9934640522875817,0.006535947712418301,0.9934640522875817,0.006535947712418301,Margarita Lopez Torres RECAP,0.9934640522875817
48057,48057,99.00,7,0,7,7,0,1.0,0.0,1.0,0.0,Margarita Lopez Torres RECAP,1.0
48058,48058,99.00,2,0,2,2,0,1.0,0.0,1.0,0.0,Margarita Lopez Torres RECAP,1.0
48059,48059,99.00,89,1,90,89,1,0.9888888888888889,0.011111111111111112,0.9888888888888889,0.011111111111111112,Margarita Lopez Torres RECAP,0.9888888888888889
48060,48060,99.00,96,7,103,96,7,0.9320388349514563,0.06796116504854369,0.9320388349514563,0.06796116504854369,Margarita Lopez Torres RECAP,0.9320388349514563
48061,48061,99.00,130,4,134,130,4,0.9701492537313433,0.029850746268656716,0.9701492537313433,0.029850746268656716,Margarita Lopez Torres RECAP,0.9701492537313433
48062,48062,99.00,111,2,113,111,2,0.9823008849557522,0.017699115044247787,0.9823008849557522,0.017699115044247787,Margarita Lopez Torres RECAP,0.9823008849557522
48063,48063,99.00,99,7,106,99,7,0.9339622641509434,0.0660377358490566,0.9339622641509434,0.0660377358490566,Margarita Lopez Torres RECAP,0.9339622641509434
48064,48064,99.00,40,6,46,40,6,0.8695652173913043,0.13043478260869565,0.8695652173913043,0.13043478260869565,Margarita Lopez Torres RECAP,0.8695652173913043
48065,48065,99.00,115,8,123,115,8,0.9349593495934959,0.06504065040650407,0.9349593495934959,0.06504065040650407,Margarita Lopez Torres RECAP,0.9349593495934959
48066,48066,99.00,0,0,0,0,0,0,0,0,0,n/a,0
48067,48067,99.00,22,1,23,22,1,0.9565217391304348,0.043478260869565216,0.9565217391304348,0.043478260869565216,Margarita Lopez Torres RECAP,0.9565217391304348
48068,48068,99.00,1,0,1,1,0,1.0,0.0,1.0,0.0,Margarita Lopez Torres RECAP,1.0
48069,48069,99.00,0,0,0,0,0,0,0,0,0,n/a,0
48070,48070,99.00,100,4,104,100,4,0.9615384615384616,0.038461538461538464,0.9615384615384616,0.038461538461538464,Margarita Lopez Torres RECAP,0.9615384615384616
48071,48071,99.00,47,5,52,47,5,0.9038461538461539,0.09615384615384616,0.9038461538461539,0.09615384615384616,Margarita Lopez Torres RECAP,0.9038461538461539
48072,48072,99.00,75,9,84,75,9,0.8928571428571429,0.10714285714285714,0.8928571428571429,0.10714285714285714,Margarita Lopez Torres RECAP,0.8928571428571429
49001,49001,99.00,101,1,102,101,1,0.9901960784313726,0.00980392156862745,0.9901960784313726,0.00980392156862745,Margarita Lopez Torres RECAP,0.9901960784313726
49002,49002,99.00,47,1,48,47,1,0.9791666666666666,0.020833333333333332,0.9791666666666666,0.020833333333333332,Margarita Lopez Torres RECAP,0.9791666666666666
49003,49003,66.67,12,0,12,12,0,1.0,0.0,1.0,0.0,Margarita Lopez Torres RECAP,1.0
49004,49004,66.67,106,2,108,106,2,0.9814814814814815,0.018518518518518517,0.9814814814814815,0.018518518518518517,Margarita Lopez Torres RECAP,0.9814814814814815
49005,49005,66.67,51,0,51,51,0,1.0,0.0,1.0,0.0,Margarita Lopez Torres RECAP,1.0
49006,49006,99.00,1,0,1,1,0,1.0,0.0,1.0,0.0,Margarita Lopez Torres RECAP,1.0
49007,49007,99.00,0,0,0,0,0,0,0,0,0,n/a,0
49008,49008,99.00,91,0,91,91,0,1.0,0.0,1.0,0.0,Margarita Lopez Torres RECAP,1.0
49009,49009,99.00,50,0,50,50,0,1.0,0.0,1.0,0.0,Margarita Lopez Torres RECAP,1.0
49010,49010,0.00,1,0,1,1,0,1.0,0.0,1.0,0.0,Margarita Lopez Torres RECAP,1.0
49011,49011,0.00,2,0,2,2,0,1.0,0.0,1.0,0.0,Margarita Lopez Torres RECAP,1.0
49012,49012,99.00,4,0,4,4,0,1.0,0.0,1.0,0.0,Margarita Lopez Torres RECAP,1.0
49013,49013,99.00,1,0,1,1,0,1.0,0.0,1.0,0.0,Margarita Lopez Torres RECAP,1.0
49014,49014,66.67,0,0,0,0,0,0,0,0,0,n/a,0
49015,49015,99.00,0,0,0,0,0,0,0,0,0,n/a,0
49016,49016,99.00,79,1,80,79,1,0.9875,0.0125,0.9875,0.0125,Margarita Lopez Torres RECAP,0.9875
49017,49017,99.00,63,0,63,63,0,1.0,0.0,1.0,0.0,Margarita Lopez Torres RECAP,1.0
49018,49018,99.00,0,0,0,0,0,0,0,0,0,n/a,0
49019,49019,99.00,58,1,59,58,1,0.9830508474576272,0.01694915254237288,0.9830508474576272,0.01694915254237288,Margarita Lopez Torres RECAP,0.9830508474576272
49020,49020,99.00,129,3,132,129,3,0.9772727272727273,0.022727272727272728,0.9772727272727273,0.022727272727272728,Margarita Lopez Torres RECAP,0.9772727272727273
49021,49021,99.00,73,0,73,73,0,1.0,0.0,1.0,0.0,Margarita Lopez Torres RECAP,1.0
49022,49022,99.00,68,4,72,68,4,0.9444444444444444,0.05555555555555555,0.9444444444444444,0.05555555555555555,Margarita Lopez Torres RECAP,0.9444444444444444
49023,49023,99.00,137,3,140,137,3,0.9785714285714285,0.02142857142857143,0.9785714285714285,0.02142857142857143,Margarita Lopez Torres RECAP,0.9785714285714285
49024,49024,99.00,3,0,3,3,0,1.0,0.0,1.0,0.0,Margarita Lopez Torres RECAP,1.0
49025,49025,99.00,91,0,91,91,0,1.0,0.0,1.0,0.0,Margarita Lopez Torres RECAP,1.0
49026,49026,44.44,122,5,127,122,5,0.9606299212598425,0.03937007874015748,0.9606299212598425,0.03937007874015748,Margarita Lopez Torres RECAP,0.9606299212598425
49027,49027,44.44,76,0,76,76,0,1.0,0.0,1.0,0.0,Margarita Lopez Torres RECAP,1.0
49028,49028,44.44,9,1,10,9,1,0.9,0.1,0.9,0.1,Margarita Lopez Torres RECAP,0.9
49029,49029,99.00,0,0,0,0,0,0,0,0,0,n/a,0
49030,49030,99.00,4,0,4,4,0,1.0,0.0,1.0,0.0,Margarita Lopez Torres RECAP,1.0
49031,49031,99.00,37,1,38,37,1,0.9736842105263158,0.02631578947368421,0.9736842105263158,0.02631578947368421,Margarita Lopez Torres RECAP,0.9736842105263158
49032,49032,99.00,1,0,1,1,0,1.0,0.0,1.0,0.0,Margarita Lopez Torres RECAP,1.0
49033,49033,99.00,1,0,1,1,0,1.0,0.0,1.0,0.0,Margarita Lopez Torres RECAP,1.0
49034,49034,44.44,5,1,6,5,1,0.8333333333333334,0.16666666666666666,0.8333333333333334,0.16666666666666666,Margarita Lopez Torres RECAP,0.8333333333333334
49035,49035,99.00,137,2,139,137,2,0.9856115107913669,0.014388489208633094,0.9856115107913669,0.014388489208633094,Margarita Lopez Torres RECAP,0.9856115107913669
49036,49036,44.44,0,0,0,0,0,0,0,0,0,n/a,0
49037,49037,99.00,74,2,76,74,2,0.9736842105263158,0.02631578947368421,0.9736842105263158,0.02631578947368421,Margarita Lopez Torres RECAP,0.9736842105263158
49038,49038,99.00,53,2,55,53,2,0.9636363636363636,0.03636363636363636,0.9636363636363636,0.03636363636363636,Margarita Lopez Torres RECAP,0.9636363636363636
49039,49039,99.00,10,0,10,10,0,1.0,0.0,1.0,0.0,Margarita Lopez Torres RECAP,1.0
49040,49040,99.00,147,1,148,147,1,0.9932432432432432,0.006756756756756757,0.9932432432432432,0.006756756756756757,Margarita Lopez Torres RECAP,0.9932432432432432
49041,49041,99.00,55,5,60,55,5,0.9166666666666666,0.08333333333333333,0.9166666666666666,0.08333333333333333,Margarita Lopez Torres RECAP,0.9166666666666666
49042,49042,99.00,66,2,68,66,2,0.9705882352941176,0.029411764705882353,0.9705882352941176,0.029411764705882353,Margarita Lopez Torres RECAP,0.9705882352941176
49043,49043,99.00,40,0,40,40,0,1.0,0.0,1.0,0.0,Margarita Lopez Torres RECAP,1.0
49044,49044,44.44,4,0,4,4,0,1.0,0.0,1.0,0.0,Margarita Lopez Torres RECAP,1.0
49045,49045,99.00,1,0,1,1,0,1.0,0.0,1.0,0.0,Margarita Lopez Torres RECAP,1.0
49046,49046,99.00,1,0,1,1,0,1.0,0.0,1.0,0.0,Margarita Lopez Torres RECAP,1.0
49047,49047,99.00,85,1,86,85,1,0.9883720930232558,0.011627906976744186,0.9883720930232558,0.011627906976744186,Margarita Lopez Torres RECAP,0.9883720930232558
49048,49048,99.00,68,3,71,68,3,0.9577464788732394,0.04225352112676056,0.9577464788732394,0.04225352112676056,Margarita Lopez Torres RECAP,0.9577464788732394
49049,49049,99.00,118,2,120,118,2,0.9833333333333333,0.016666666666666666,0.9833333333333333,0.016666666666666666,Margarita Lopez Torres RECAP,0.9833333333333333
49050,49050,99.00,145,3,148,145,3,0.9797297297297297,0.02027027027027027,0.9797297297297297,0.02027027027027027,Margarita Lopez Torres RECAP,0.9797297297297297
49051,49051,99.00,6,0,6,6,0,1.0,0.0,1.0,0.0,Margarita Lopez Torres RECAP,1.0
49052,49052,99.00,6,0,6,6,0,1.0,0.0,1.0,0.0,Margarita Lopez Torres RECAP,1.0
49053,49053,99.00,121,3,124,121,3,0.9758064516129032,0.024193548387096774,0.9758064516129032,0.024193548387096774,Margarita Lopez Torres RECAP,0.9758064516129032
49054,49054,99.00,153,0,153,153,0,1.0,0.0,1.0,0.0,Margarita Lopez Torres RECAP,1.0
49055,49055,99.00,72,0,72,72,0,1.0,0.0,1.0,0.0,Margarita Lopez Torres RECAP,1.0
49056,49056,99.00,0,0,0,0,0,0,0,0,0,n/a,0
49057,49057,99.00,0,0,0,0,0,0,0,0,0,n/a,0
49058,49058,99.00,62,4,66,62,4,0.9393939393939394,0.06060606060606061,0.9393939393939394,0.06060606060606061,Margarita Lopez Torres RECAP,0.9393939393939394
49059,49059,44.44,101,5,106,101,5,0.9528301886792453,0.04716981132075472,0.9528301886792453,0.04716981132075472,Margarita Lopez Torres RECAP,0.9528301886792453
49060,49060,99.00,0,0,0,0,0,0,0,0,0,n/a,0
49061,49061,0.00,1,0,1,1,0,1.0,0.0,1.0,0.0,Margarita Lopez Torres RECAP,1.0
49062,49062,66.67,85,0,85,85,0,1.0,0.0,1.0,0.0,Margarita Lopez Torres RECAP,1.0
49063,49063,99.00,6,0,6,6,0,1.0,0.0,1.0,0.0,Margarita Lopez Torres RECAP,1.0
49064,49064,99.00,45,1,46,45,1,0.9782608695652174,0.021739130434782608,0.9782608695652174,0.021739130434782608,Margarita Lopez Torres RECAP,0.9782608695652174
49065,49065,99.00,9,0,9,9,0,1.0,0.0,1.0,0.0,Margarita Lopez Torres RECAP,1.0
49066,49066,99.00,51,1,52,51,1,0.9807692307692307,0.019230769230769232,0.9807692307692307,0.019230769230769232,Margarita Lopez Torres RECAP,0.9807692307692307
49067,49067,66.67,12,0,12,12,0,1.0,0.0,1.0,0.0,Margarita Lopez Torres RECAP,1.0
49068,49068,99.00,39,0,39,39,0,1.0,0.0,1.0,0.0,Margarita Lopez Torres RECAP,1.0
49069,49069,99.00,1,0,1,1,0,1.0,0.0,1.0,0.0,Margarita Lopez Torres RECAP,1.0
49070,49070,99.00,2,0,2,2,0,1.0,0.0,1.0,0.0,Margarita Lopez Torres RECAP,1.0
49071,49071,99.00,0,0,0,0,0,0,0,0,0,n/a,0
50001,50001,99.00,43,4,47,43,4,0.9148936170212766,0.0851063829787234,0.9148936170212766,0.0851063829787234,Margarita Lopez Torres RECAP,0.9148936170212766
50002,50002,99.00,181,2,183,181,2,0.9890710382513661,0.01092896174863388,0.9890710382513661,0.01092896174863388,Margarita Lopez Torres RECAP,0.9890710382513661
50003,50003,66.67,199,0,199,199,0,1.0,0.0,1.0,0.0,Margarita Lopez Torres RECAP,1.0
50004,50004,99.00,3,0,3,3,0,1.0,0.0,1.0,0.0,Margarita Lopez Torres RECAP,1.0
50005,50005,66.67,139,0,139,139,0,1.0,0.0,1.0,0.0,Margarita Lopez Torres RECAP,1.0
50006,50006,66.67,133,0,133,133,0,1.0,0.0,1.0,0.0,Margarita Lopez Torres RECAP,1.0
50007,50007,99.00,217,2,219,217,2,0.9908675799086758,0.0091324200913242,0.9908675799086758,0.0091324200913242,Margarita Lopez Torres RECAP,0.9908675799086758
50008,50008,99.00,197,1,198,197,1,0.9949494949494949,0.005050505050505051,0.9949494949494949,0.005050505050505051,Margarita Lopez Torres RECAP,0.9949494949494949
50009,50009,99.00,171,3,174,171,3,0.9827586206896551,0.017241379310344827,0.9827586206896551,0.017241379310344827,Margarita Lopez Torres RECAP,0.9827586206896551
50010,50010,99.00,290,2,292,290,2,0.9931506849315068,0.00684931506849315,0.9931506849315068,0.00684931506849315,Margarita Lopez Torres RECAP,0.9931506849315068
50011,50011,99.00,5,0,5,5,0,1.0,0.0,1.0,0.0,Margarita Lopez Torres RECAP,1.0
50012,50012,80.00,238,3,241,238,3,0.9875518672199171,0.012448132780082987,0.9875518672199171,0.012448132780082987,Margarita Lopez Torres RECAP,0.9875518672199171
50013,50013,99.00,4,0,4,4,0,1.0,0.0,1.0,0.0,Margarita Lopez Torres RECAP,1.0
50014,50014,99.00,100,2,102,100,2,0.9803921568627451,0.0196078431372549,0.9803921568627451,0.0196078431372549,Margarita Lopez Torres RECAP,0.9803921568627451
50015,50015,80.00,8,0,8,8,0,1.0,0.0,1.0,0.0,Margarita Lopez Torres RECAP,1.0
50016,50016,99.00,4,0,4,4,0,1.0,0.0,1.0,0.0,Margarita Lopez Torres RECAP,1.0
50017,50017,99.00,202,2,204,202,2,0.9901960784313726,0.00980392156862745,0.9901960784313726,0.00980392156862745,Margarita Lopez Torres RECAP,0.9901960784313726
50018,50018,80.00,7,0,7,7,0,1.0,0.0,1.0,0.0,Margarita Lopez Torres RECAP,1.0
50019,50019,80.00,271,1,272,271,1,0.9963235294117647,0.003676470588235294,0.9963235294117647,0.003676470588235294,Margarita Lopez Torres RECAP,0.9963235294117647
50020,50020,99.00,13,0,13,13,0,1.0,0.0,1.0,0.0,Margarita Lopez Torres RECAP,1.0
50021,50021,99.00,362,3,365,362,3,0.9917808219178083,0.00821917808219178,0.9917808219178083,0.00821917808219178,Margarita Lopez Torres RECAP,0.9917808219178083
50022,50022,99.00,98,0,98,98,0,1.0,0.0,1.0,0.0,Margarita Lopez Torres RECAP,1.0
50023,50023,99.00,0,0,0,0,0,0,0,0,0,n/a,0
50024,50024,99.00,0,0,0,0,0,0,0,0,0,n/a,0
50025,50025,99.00,0,0,0,0,0,0,0,0,0,n/a,0
50026,50026,99.00,201,0,201,201,0,1.0,0.0,1.0,0.0,Margarita Lopez Torres RECAP,1.0
50027,50027,99.00,182,0,182,182,0,1.0,0.0,1.0,0.0,Margarita Lopez Torres RECAP,1.0
50028,50028,99.00,203,1,204,203,1,0.9950980392156863,0.004901960784313725,0.9950980392156863,0.004901960784313725,Margarita Lopez Torres RECAP,0.9950980392156863
50029,50029,99.00,11,0,11,11,0,1.0,0.0,1.0,0.0,Margarita Lopez Torres RECAP,1.0
50030,50030,99.00,197,1,198,197,1,0.9949494949494949,0.005050505050505051,0.9949494949494949,0.005050505050505051,Margarita Lopez Torres RECAP,0.9949494949494949
50031,50031,99.00,6,0,6,6,0,1.0,0.0,1.0,0.0,Margarita Lopez Torres RECAP,1.0
50032,50032,99.00,284,2,286,284,2,0.993006993006993,0.006993006993006993,0.993006993006993,0.006993006993006993,Margarita Lopez Torres RECAP,0.993006993006993
50033,50033,80.00,206,1,207,206,1,0.9951690821256038,0.004830917874396135,0.9951690821256038,0.004830917874396135,Margarita Lopez Torres RECAP,0.9951690821256038
50034,50034,99.00,174,1,175,174,1,0.9942857142857143,0.005714285714285714,0.9942857142857143,0.005714285714285714,Margarita Lopez Torres RECAP,0.9942857142857143
50035,50035,99.00,164,3,167,164,3,0.9820359281437125,0.017964071856287425,0.9820359281437125,0.017964071856287425,Margarita Lopez Torres RECAP,0.9820359281437125
50036,50036,99.00,112,1,113,112,1,0.9911504424778761,0.008849557522123894,0.9911504424778761,0.008849557522123894,Margarita Lopez Torres RECAP,0.9911504424778761
50037,50037,99.00,149,3,152,149,3,0.9802631578947368,0.019736842105263157,0.9802631578947368,0.019736842105263157,Margarita Lopez Torres RECAP,0.9802631578947368
50038,50038,99.00,104,0,104,104,0,1.0,0.0,1.0,0.0,Margarita Lopez Torres RECAP,1.0
50039,50039,99.00,127,1,128,127,1,0.9921875,0.0078125,0.9921875,0.0078125,Margarita Lopez Torres RECAP,0.9921875
50040,50040,99.00,114,0,114,114,0,1.0,0.0,1.0,0.0,Margarita Lopez Torres RECAP,1.0
50041,50041,99.00,158,3,161,158,3,0.9813664596273292,0.018633540372670808,0.9813664596273292,0.018633540372670808,Margarita Lopez Torres RECAP,0.9813664596273292
50042,50042,80.00,193,2,195,193,2,0.9897435897435898,0.010256410256410256,0.9897435897435898,0.010256410256410256,Margarita Lopez Torres RECAP,0.9897435897435898
50043,50043,99.00,148,0,148,148,0,1.0,0.0,1.0,0.0,Margarita Lopez Torres RECAP,1.0
50044,50044,99.00,11,0,11,11,0,1.0,0.0,1.0,0.0,Margarita Lopez Torres RECAP,1.0
50045,50045,99.00,1,0,1,1,0,1.0,0.0,1.0,0.0,Margarita Lopez Torres RECAP,1.0
50046,50046,99.00,128,0,128,128,0,1.0,0.0,1.0,0.0,Margarita Lopez Torres RECAP,1.0
50047,50047,99.00,5,0,5,5,0,1.0,0.0,1.0,0.0,Margarita Lopez Torres RECAP,1.0
50048,50048,99.00,145,0,145,145,0,1.0,0.0,1.0,0.0,Margarita Lopez Torres RECAP,1.0
50049,50049,99.00,3,0,3,3,0,1.0,0.0,1.0,0.0,Margarita Lopez Torres RECAP,1.0
50050,50050,99.00,226,2,228,226,2,0.9912280701754386,0.008771929824561403,0.9912280701754386,0.008771929824561403,Margarita Lopez Torres RECAP,0.9912280701754386
50051,50051,99.00,212,3,215,212,3,0.986046511627907,0.013953488372093023,0.986046511627907,0.013953488372093023,Margarita Lopez Torres RECAP,0.986046511627907
50052,50052,99.00,129,1,130,129,1,0.9923076923076923,0.007692307692307693,0.9923076923076923,0.007692307692307693,Margarita Lopez Torres RECAP,0.9923076923076923
50053,50053,99.00,145,1,146,145,1,0.9931506849315068,0.00684931506849315,0.9931506849315068,0.00684931506849315,Margarita Lopez Torres RECAP,0.9931506849315068
50054,50054,99.00,1,0,1,1,0,1.0,0.0,1.0,0.0,Margarita Lopez Torres RECAP,1.0
50055,50055,99.00,0,0,0,0,0,0,0,0,0,n/a,0
50056,50056,99.00,28,0,28,28,0,1.0,0.0,1.0,0.0,Margarita Lopez Torres RECAP,1.0
50057,50057,99.00,102,4,106,102,4,0.9622641509433962,0.03773584905660377,0.9622641509433962,0.03773584905660377,Margarita Lopez Torres RECAP,0.9622641509433962
50058,50058,99.00,1,0,1,1,0,1.0,0.0,1.0,0.0,Margarita Lopez Torres RECAP,1.0
50059,50059,99.00,152,1,153,152,1,0.9934640522875817,0.006535947712418301,0.9934640522875817,0.006535947712418301,Margarita Lopez Torres RECAP,0.9934640522875817
50060,50060,99.00,1,0,1,1,0,1.0,0.0,1.0,0.0,Margarita Lopez Torres RECAP,1.0
50061,50061,99.00,69,0,69,69,0,1.0,0.0,1.0,0.0,Margarita Lopez Torres RECAP,1.0
50062,50062,99.00,0,0,0,0,0,0,0,0,0,n/a,0
50063,50063,99.00,65,0,65,65,0,1.0,0.0,1.0,0.0,Margarita Lopez Torres RECAP,1.0
50064,50064,99.00,23,0,23,23,0,1.0,0.0,1.0,0.0,Margarita Lopez Torres RECAP,1.0
50065,50065,99.00,0,0,0,0,0,0,0,0,0,n/a,0
50066,50066,99.00,10,0,10,10,0,1.0,0.0,1.0,0.0,Margarita Lopez Torres RECAP,1.0
50067,50067,99.00,0,0,0,0,0,0,0,0,0,n/a,0
50068,50068,99.00,29,1,30,29,1,0.9666666666666667,0.03333333333333333,0.9666666666666667,0.03333333333333333,Margarita Lopez Torres RECAP,0.9666666666666667
50069,50069,99.00,76,0,76,76,0,1.0,0.0,1.0,0.0,Margarita Lopez Torres RECAP,1.0
50070,50070,99.00,0,0,0,0,0,0,0,0,0,n/a,0
50071,50071,99.00,0,0,0,0,0,0,0,0,0,n/a,0
50072,50072,99.00,76,2,78,76,2,0.9743589743589743,0.02564102564102564,0.9743589743589743,0.02564102564102564,Margarita Lopez Torres RECAP,0.9743589743589743
50073,50073,99.00,0,0,0,0,0,0,0,0,0,n/a,0
50074,50074,99.00,3,1,4,3,1,0.75,0.25,0.75,0.25,Margarita Lopez Torres RECAP,0.75
50075,50075,99.00,21,1,22,21,1,0.9545454545454546,0.045454545454545456,0.9545454545454546,0.045454545454545456,Margarita Lopez Torres RECAP,0.9545454545454546
50076,50076,99.00,36,0,36,36,0,1.0,0.0,1.0,0.0,Margarita Lopez Torres RECAP,1.0
50077,50077,99.00,16,9,25,16,9,0.64,0.36,0.64,0.36,Margarita Lopez Torres RECAP,0.64
50078,50078,99.00,23,2,25,23,2,0.92,0.08,0.92,0.08,Margarita Lopez Torres RECAP,0.92
50079,50079,99.00,0,0,0,0,0,0,0,0,0,n/a,0
50080,50080,99.00,2,0,2,2,0,1.0,0.0,1.0,0.0,Margarita Lopez Torres RECAP,1.0
50081,50081,99.00,0,0,0,0,0,0,0,0,0,n/a,0
50082,50082,99.00,42,2,44,42,2,0.9545454545454546,0.045454545454545456,0.9545454545454546,0.045454545454545456,Margarita Lopez Torres RECAP,0.9545454545454546
50083,50083,99.00,62,1,63,62,1,0.9841269841269841,0.015873015873015872,0.9841269841269841,0.015873015873015872,Margarita Lopez Torres RECAP,0.9841269841269841
50084,50084,99.00,0,0,0,0,0,0,0,0,0,n/a,0
50085,50085,99.00,50,0,50,50,0,1.0,0.0,1.0,0.0,Margarita Lopez Torres RECAP,1.0
50086,50086,99.00,0,0,0,0,0,0,0,0,0,n/a,0
50087,50087,99.00,4,0,4,4,0,1.0,0.0,1.0,0.0,Margarita Lopez Torres RECAP,1.0
50088,50088,99.00,2,0,2,2,0,1.0,0.0,1.0,0.0,Margarita Lopez Torres RECAP,1.0
50089,50089,99.00,169,0,169,169,0,1.0,0.0,1.0,0.0,Margarita Lopez Torres RECAP,1.0
50090,50090,99.00,119,0,119,119,0,1.0,0.0,1.0,0.0,Margarita Lopez Torres RECAP,1.0
50091,50091,99.00,5,0,5,5,0,1.0,0.0,1.0,0.0,Margarita Lopez Torres RECAP,1.0
50092,50092,99.00,267,3,270,267,3,0.9888888888888889,0.011111111111111112,0.9888888888888889,0.011111111111111112,Margarita Lopez Torres RECAP,0.9888888888888889
50093,50093,99.00,0,0,0,0,0,0,0,0,0,n/a,0
50094,50094,99.00,1,0,1,1,0,1.0,0.0,1.0,0.0,Margarita Lopez Torres RECAP,1.0
50095,50095,99.00,169,3,172,169,3,0.9825581395348837,0.01744186046511628,0.9825581395348837,0.01744186046511628,Margarita Lopez Torres RECAP,0.9825581395348837
50096,50096,99.00,125,1,126,125,1,0.9920634920634921,0.007936507936507936,0.9920634920634921,0.007936507936507936,Margarita Lopez Torres RECAP,0.9920634920634921
50097,50097,99.00,227,1,228,227,1,0.9956140350877193,0.0043859649122807015,0.9956140350877193,0.0043859649122807015,Margarita Lopez Torres RECAP,0.9956140350877193
50098,50098,99.00,0,0,0,0,0,0,0,0,0,n/a,0
50099,50099,99.00,158,0,158,158,0,1.0,0.0,1.0,0.0,Margarita Lopez Torres RECAP,1.0
50100,50100,99.00,0,0,0,0,0,0,0,0,0,n/a,0
50101,50101,99.00,5,0,5,5,0,1.0,0.0,1.0,0.0,Margarita Lopez Torres RECAP,1.0
50102,50102,80.00,7,0,7,7,0,1.0,0.0,1.0,0.0,Margarita Lopez Torres RECAP,1.0
50103,50103,99.00,0,0,0,0,0,0,0,0,0,n/a,0
50104,50104,99.00,0,0,0,0,0,0,0,0,0,n/a,0
50105,50105,99.00,0,0,0,0,0,0,0,0,0,n/a,0
50106,50106,99.00,0,0,0,0,0,0,0,0,0,n/a,0
50107,50107,99.00,0,0,0,0,0,0,0,0,0,n/a,0
51001,51001,99.00,163,0,163,163,0,1.0,0.0,1.0,0.0,Margarita Lopez Torres RECAP,1.0
51002,51002,99.00,82,1,83,82,1,0.9879518072289156,0.012048192771084338,0.9879518072289156,0.012048192771084338,Margarita Lopez Torres RECAP,0.9879518072289156
51003,51003,99.00,148,3,151,148,3,0.9801324503311258,0.019867549668874173,0.9801324503311258,0.019867549668874173,Margarita Lopez Torres RECAP,0.9801324503311258
51004,51004,99.00,114,0,114,114,0,1.0,0.0,1.0,0.0,Margarita Lopez Torres RECAP,1.0
51005,51005,99.00,74,0,74,74,0,1.0,0.0,1.0,0.0,Margarita Lopez Torres RECAP,1.0
51006,51006,99.00,13,1,14,13,1,0.9285714285714286,0.07142857142857142,0.9285714285714286,0.07142857142857142,Margarita Lopez Torres RECAP,0.9285714285714286
51007,51007,99.00,206,2,208,206,2,0.9903846153846154,0.009615384615384616,0.9903846153846154,0.009615384615384616,Margarita Lopez Torres RECAP,0.9903846153846154
51008,51008,0.00,1,0,1,1,0,1.0,0.0,1.0,0.0,Margarita Lopez Torres RECAP,1.0
51009,51009,99.00,50,0,50,50,0,1.0,0.0,1.0,0.0,Margarita Lopez Torres RECAP,1.0
51010,51010,99.00,1,0,1,1,0,1.0,0.0,1.0,0.0,Margarita Lopez Torres RECAP,1.0
51011,51011,99.00,323,2,325,323,2,0.9938461538461538,0.006153846153846154,0.9938461538461538,0.006153846153846154,Margarita Lopez Torres RECAP,0.9938461538461538
51012,51012,99.00,216,1,217,216,1,0.9953917050691244,0.004608294930875576,0.9953917050691244,0.004608294930875576,Margarita Lopez Torres RECAP,0.9953917050691244
51013,51013,99.00,19,0,19,19,0,1.0,0.0,1.0,0.0,Margarita Lopez Torres RECAP,1.0
51014,51014,99.00,140,3,143,140,3,0.9790209790209791,0.02097902097902098,0.9790209790209791,0.02097902097902098,Margarita Lopez Torres RECAP,0.9790209790209791
51015,51015,99.00,0,0,0,0,0,0,0,0,0,n/a,0
51016,51016,99.00,53,1,54,53,1,0.9814814814814815,0.018518518518518517,0.9814814814814815,0.018518518518518517,Margarita Lopez Torres RECAP,0.9814814814814815
51017,51017,99.00,94,0,94,94,0,1.0,0.0,1.0,0.0,Margarita Lopez Torres RECAP,1.0
51018,51018,99.00,0,0,0,0,0,0,0,0,0,n/a,0
51019,51019,99.00,2,0,2,2,0,1.0,0.0,1.0,0.0,Margarita Lopez Torres RECAP,1.0
51020,51020,0.00,52,2,54,52,2,0.9629629629629629,0.037037037037037035,0.9629629629629629,0.037037037037037035,Margarita Lopez Torres RECAP,0.9629629629629629
51021,51021,99.00,3,0,3,3,0,1.0,0.0,1.0,0.0,Margarita Lopez Torres RECAP,1.0
51022,51022,99.00,11,0,11,11,0,1.0,0.0,1.0,0.0,Margarita Lopez Torres RECAP,1.0
51023,51023,99.00,18,0,18,18,0,1.0,0.0,1.0,0.0,Margarita Lopez Torres RECAP,1.0
51024,51024,50.00,52,1,53,52,1,0.9811320754716981,0.018867924528301886,0.9811320754716981,0.018867924528301886,Margarita Lopez Torres RECAP,0.9811320754716981
51025,51025,99.00,0,0,0,0,0,0,0,0,0,n/a,0
51026,51026,99.00,111,3,114,111,3,0.9736842105263158,0.02631578947368421,0.9736842105263158,0.02631578947368421,Margarita Lopez Torres RECAP,0.9736842105263158
51027,51027,99.00,4,0,4,4,0,1.0,0.0,1.0,0.0,Margarita Lopez Torres RECAP,1.0
51028,51028,99.00,0,0,0,0,0,0,0,0,0,n/a,0
51029,51029,66.67,117,0,117,117,0,1.0,0.0,1.0,0.0,Margarita Lopez Torres RECAP,1.0
51030,51030,99.00,3,0,3,3,0,1.0,0.0,1.0,0.0,Margarita Lopez Torres RECAP,1.0
51031,51031,99.00,166,0,166,166,0,1.0,0.0,1.0,0.0,Margarita Lopez Torres RECAP,1.0
51032,51032,66.67,131,0,131,131,0,1.0,0.0,1.0,0.0,Margarita Lopez Torres RECAP,1.0
51033,51033,66.67,87,1,88,87,1,0.9886363636363636,0.011363636363636364,0.9886363636363636,0.011363636363636364,Margarita Lopez Torres RECAP,0.9886363636363636
51034,51034,99.00,135,1,136,135,1,0.9926470588235294,0.007352941176470588,0.9926470588235294,0.007352941176470588,Margarita Lopez Torres RECAP,0.9926470588235294
51035,51035,99.00,155,1,156,155,1,0.9935897435897436,0.00641025641025641,0.9935897435897436,0.00641025641025641,Margarita Lopez Torres RECAP,0.9935897435897436
51036,51036,99.00,110,0,110,110,0,1.0,0.0,1.0,0.0,Margarita Lopez Torres RECAP,1.0
51037,51037,99.00,127,2,129,127,2,0.9844961240310077,0.015503875968992248,0.9844961240310077,0.015503875968992248,Margarita Lopez Torres RECAP,0.9844961240310077
51038,51038,99.00,200,4,204,200,4,0.9803921568627451,0.0196078431372549,0.9803921568627451,0.0196078431372549,Margarita Lopez Torres RECAP,0.9803921568627451
51039,51039,99.00,118,0,118,118,0,1.0,0.0,1.0,0.0,Margarita Lopez Torres RECAP,1.0
51040,51040,99.00,229,1,230,229,1,0.9956521739130435,0.004347826086956522,0.9956521739130435,0.004347826086956522,Margarita Lopez Torres RECAP,0.9956521739130435
51041,51041,99.00,359,4,363,359,4,0.9889807162534435,0.011019283746556474,0.9889807162534435,0.011019283746556474,Margarita Lopez Torres RECAP,0.9889807162534435
51042,51042,99.00,224,2,226,224,2,0.9911504424778761,0.008849557522123894,0.9911504424778761,0.008849557522123894,Margarita Lopez Torres RECAP,0.9911504424778761
51043,51043,99.00,94,1,95,94,1,0.9894736842105263,0.010526315789473684,0.9894736842105263,0.010526315789473684,Margarita Lopez Torres RECAP,0.9894736842105263
51044,51044,0.00,8,0,8,8,0,1.0,0.0,1.0,0.0,Margarita Lopez Torres RECAP,1.0
51045,51045,0.00,0,0,0,0,0,0,0,0,0,n/a,0
51046,51046,99.00,2,0,2,2,0,1.0,0.0,1.0,0.0,Margarita Lopez Torres RECAP,1.0
51047,51047,99.00,7,0,7,7,0,1.0,0.0,1.0,0.0,Margarita Lopez Torres RECAP,1.0
51048,51048,99.00,0,0,0,0,0,0,0,0,0,n/a,0
51049,51049,99.00,242,1,243,242,1,0.9958847736625515,0.00411522633744856,0.9958847736625515,0.00411522633744856,Margarita Lopez Torres RECAP,0.9958847736625515
51050,51050,99.00,1,0,1,1,0,1.0,0.0,1.0,0.0,Margarita Lopez Torres RECAP,1.0
51051,51051,99.00,127,0,127,127,0,1.0,0.0,1.0,0.0,Margarita Lopez Torres RECAP,1.0
51052,51052,99.00,162,0,162,162,0,1.0,0.0,1.0,0.0,Margarita Lopez Torres RECAP,1.0
51053,51053,99.00,5,1,6,5,1,0.8333333333333334,0.16666666666666666,0.8333333333333334,0.16666666666666666,Margarita Lopez Torres RECAP,0.8333333333333334
51054,51054,99.00,120,0,120,120,0,1.0,0.0,1.0,0.0,Margarita Lopez Torres RECAP,1.0
51055,51055,99.00,16,0,16,16,0,1.0,0.0,1.0,0.0,Margarita Lopez Torres RECAP,1.0
51056,51056,99.00,0,0,0,0,0,0,0,0,0,n/a,0
51057,51057,99.00,0,0,0,0,0,0,0,0,0,n/a,0
51058,51058,99.00,1,0,1,1,0,1.0,0.0,1.0,0.0,Margarita Lopez Torres RECAP,1.0
51059,51059,99.00,4,1,5,4,1,0.8,0.2,0.8,0.2,Margarita Lopez Torres RECAP,0.8
51060,51060,99.00,133,2,135,133,2,0.9851851851851852,0.014814814814814815,0.9851851851851852,0.014814814814814815,Margarita Lopez Torres RECAP,0.9851851851851852
51061,51061,99.00,124,0,124,124,0,1.0,0.0,1.0,0.0,Margarita Lopez Torres RECAP,1.0
51062,51062,99.00,191,2,193,191,2,0.9896373056994818,0.010362694300518135,0.9896373056994818,0.010362694300518135,Margarita Lopez Torres RECAP,0.9896373056994818
51063,51063,99.00,143,1,144,143,1,0.9930555555555556,0.006944444444444444,0.9930555555555556,0.006944444444444444,Margarita Lopez Torres RECAP,0.9930555555555556
51064,51064,99.00,144,0,144,144,0,1.0,0.0,1.0,0.0,Margarita Lopez Torres RECAP,1.0
51065,51065,99.00,80,0,80,80,0,1.0,0.0,1.0,0.0,Margarita Lopez Torres RECAP,1.0
51066,51066,99.00,121,1,122,121,1,0.9918032786885246,0.00819672131147541,0.9918032786885246,0.00819672131147541,Margarita Lopez Torres RECAP,0.9918032786885246
51067,51067,99.00,4,0,4,4,0,1.0,0.0,1.0,0.0,Margarita Lopez Torres RECAP,1.0
51068,51068,99.00,4,0,4,4,0,1.0,0.0,1.0,0.0,Margarita Lopez Torres RECAP,1.0
51069,51069,0.00,2,0,2,2,0,1.0,0.0,1.0,0.0,Margarita Lopez Torres RECAP,1.0
51070,51070,99.00,242,0,242,242,0,1.0,0.0,1.0,0.0,Margarita Lopez Torres RECAP,1.0
51071,51071,99.00,111,1,112,111,1,0.9910714285714286,0.008928571428571428,0.9910714285714286,0.008928571428571428,Margarita Lopez Torres RECAP,0.9910714285714286
51072,51072,99.00,5,0,5,5,0,1.0,0.0,1.0,0.0,Margarita Lopez Torres RECAP,1.0
51073,51073,99.00,120,0,120,120,0,1.0,0.0,1.0,0.0,Margarita Lopez Torres RECAP,1.0
51074,51074,99.00,2,1,3,2,1,0.6666666666666666,0.3333333333333333,0.6666666666666666,0.3333333333333333,Margarita Lopez Torres RECAP,0.6666666666666666
51075,51075,66.67,18,0,18,18,0,1.0,0.0,1.0,0.0,Margarita Lopez Torres RECAP,1.0
51076,51076,99.00,7,0,7,7,0,1.0,0.0,1.0,0.0,Margarita Lopez Torres RECAP,1.0
51077,51077,99.00,184,2,186,184,2,0.989247311827957,0.010752688172043012,0.989247311827957,0.010752688172043012,Margarita Lopez Torres RECAP,0.989247311827957
51078,51078,99.00,2,0,2,2,0,1.0,0.0,1.0,0.0,Margarita Lopez Torres RECAP,1.0
51079,51079,99.00,120,2,122,120,2,0.9836065573770492,0.01639344262295082,0.9836065573770492,0.01639344262295082,Margarita Lopez Torres RECAP,0.9836065573770492
51080,51080,99.00,2,0,2,2,0,1.0,0.0,1.0,0.0,Margarita Lopez Torres RECAP,1.0
51081,51081,99.00,104,0,104,104,0,1.0,0.0,1.0,0.0,Margarita Lopez Torres RECAP,1.0
51082,51082,99.00,193,4,197,193,4,0.9796954314720813,0.02030456852791878,0.9796954314720813,0.02030456852791878,Margarita Lopez Torres RECAP,0.9796954314720813
51083,51083,99.00,275,4,279,275,4,0.985663082437276,0.014336917562724014,0.985663082437276,0.014336917562724014,Margarita Lopez Torres RECAP,0.985663082437276
51084,51084,99.00,0,0,0,0,0,0,0,0,0,n/a,0
51085,51085,99.00,0,0,0,0,0,0,0,0,0,n/a,0
51086,51086,99.00,0,0,0,0,0,0,0,0,0,n/a,0
51087,51087,0.00,0,0,0,0,0,0,0,0,0,n/a,0
52001,52001,99.00,111,0,111,111,0,1.0,0.0,1.0,0.0,Margarita Lopez Torres RECAP,1.0
52002,52002,99.00,102,1,103,102,1,0.9902912621359223,0.009708737864077669,0.9902912621359223,0.009708737864077669,Margarita Lopez Torres RECAP,0.9902912621359223
52003,52003,18.75,9,0,9,9,0,1.0,0.0,1.0,0.0,Margarita Lopez Torres RECAP,1.0
52004,52004,99.00,271,2,273,271,2,0.9926739926739927,0.007326007326007326,0.9926739926739927,0.007326007326007326,Margarita Lopez Torres RECAP,0.9926739926739927
52005,52005,99.00,4,0,4,4,0,1.0,0.0,1.0,0.0,Margarita Lopez Torres RECAP,1.0
52006,52006,99.00,16,0,16,16,0,1.0,0.0,1.0,0.0,Margarita Lopez Torres RECAP,1.0
52007,52007,99.00,322,2,324,322,2,0.9938271604938271,0.006172839506172839,0.9938271604938271,0.006172839506172839,Margarita Lopez Torres RECAP,0.9938271604938271
52008,52008,99.00,464,2,466,464,2,0.9957081545064378,0.004291845493562232,0.9957081545064378,0.004291845493562232,Margarita Lopez Torres RECAP,0.9957081545064378
52009,52009,99.00,9,0,9,9,0,1.0,0.0,1.0,0.0,Margarita Lopez Torres RECAP,1.0
52010,52010,99.00,304,3,307,304,3,0.990228013029316,0.009771986970684038,0.990228013029316,0.009771986970684038,Margarita Lopez Torres RECAP,0.990228013029316
52011,52011,99.00,316,4,320,316,4,0.9875,0.0125,0.9875,0.0125,Margarita Lopez Torres RECAP,0.9875
52012,52012,99.00,282,5,287,282,5,0.9825783972125436,0.017421602787456445,0.9825783972125436,0.017421602787456445,Margarita Lopez Torres RECAP,0.9825783972125436
52013,52013,99.00,47,0,47,47,0,1.0,0.0,1.0,0.0,Margarita Lopez Torres RECAP,1.0
52014,52014,99.00,21,0,21,21,0,1.0,0.0,1.0,0.0,Margarita Lopez Torres RECAP,1.0
52015,52015,99.00,411,5,416,411,5,0.9879807692307693,0.01201923076923077,0.9879807692307693,0.01201923076923077,Margarita Lopez Torres RECAP,0.9879807692307693
52016,52016,99.00,375,0,375,375,0,1.0,0.0,1.0,0.0,Margarita Lopez Torres RECAP,1.0
52017,52017,99.00,35,1,36,35,1,0.9722222222222222,0.027777777777777776,0.9722222222222222,0.027777777777777776,Margarita Lopez Torres RECAP,0.9722222222222222
52018,52018,99.00,353,1,354,353,1,0.9971751412429378,0.002824858757062147,0.9971751412429378,0.002824858757062147,Margarita Lopez Torres RECAP,0.9971751412429378
52019,52019,99.00,372,3,375,372,3,0.992,0.008,0.992,0.008,Margarita Lopez Torres RECAP,0.992
52020,52020,99.00,155,1,156,155,1,0.9935897435897436,0.00641025641025641,0.9935897435897436,0.00641025641025641,Margarita Lopez Torres RECAP,0.9935897435897436
52021,52021,99.00,6,0,6,6,0,1.0,0.0,1.0,0.0,Margarita Lopez Torres RECAP,1.0
52022,52022,99.00,13,0,13,13,0,1.0,0.0,1.0,0.0,Margarita Lopez Torres RECAP,1.0
52023,52023,18.75,382,1,383,382,1,0.9973890339425587,0.0026109660574412533,0.9973890339425587,0.0026109660574412533,Margarita Lopez Torres RECAP,0.9973890339425587
52024,52024,99.00,66,0,66,66,0,1.0,0.0,1.0,0.0,Margarita Lopez Torres RECAP,1.0
52025,52025,18.75,290,3,293,290,3,0.9897610921501706,0.010238907849829351,0.9897610921501706,0.010238907849829351,Margarita Lopez Torres RECAP,0.9897610921501706
52026,52026,99.00,8,0,8,8,0,1.0,0.0,1.0,0.0,Margarita Lopez Torres RECAP,1.0
52027,52027,99.00,514,9,523,514,9,0.982791586998088,0.017208413001912046,0.982791586998088,0.017208413001912046,Margarita Lopez Torres RECAP,0.982791586998088
52028,52028,99.00,188,0,188,188,0,1.0,0.0,1.0,0.0,Margarita Lopez Torres RECAP,1.0
52029,52029,99.00,346,2,348,346,2,0.9942528735632183,0.005747126436781609,0.9942528735632183,0.005747126436781609,Margarita Lopez Torres RECAP,0.9942528735632183
52030,52030,99.00,230,1,231,230,1,0.9956709956709957,0.004329004329004329,0.9956709956709957,0.004329004329004329,Margarita Lopez Torres RECAP,0.9956709956709957
52031,52031,99.00,232,1,233,232,1,0.9957081545064378,0.004291845493562232,0.9957081545064378,0.004291845493562232,Margarita Lopez Torres RECAP,0.9957081545064378
52032,52032,99.00,217,0,217,217,0,1.0,0.0,1.0,0.0,Margarita Lopez Torres RECAP,1.0
52033,52033,99.00,266,2,268,266,2,0.9925373134328358,0.007462686567164179,0.9925373134328358,0.007462686567164179,Margarita Lopez Torres RECAP,0.9925373134328358
52034,52034,99.00,211,2,213,211,2,0.9906103286384976,0.009389671361502348,0.9906103286384976,0.009389671361502348,Margarita Lopez Torres RECAP,0.9906103286384976
52035,52035,80.00,190,1,191,190,1,0.9947643979057592,0.005235602094240838,0.9947643979057592,0.005235602094240838,Margarita Lopez Torres RECAP,0.9947643979057592
52036,52036,80.00,17,0,17,17,0,1.0,0.0,1.0,0.0,Margarita Lopez Torres RECAP,1.0
52037,52037,80.00,32,0,32,32,0,1.0,0.0,1.0,0.0,Margarita Lopez Torres RECAP,1.0
52038,52038,80.00,441,5,446,441,5,0.9887892376681614,0.011210762331838564,0.9887892376681614,0.011210762331838564,Margarita Lopez Torres RECAP,0.9887892376681614
52039,52039,80.00,260,2,262,260,2,0.9923664122137404,0.007633587786259542,0.9923664122137404,0.007633587786259542,Margarita Lopez Torres RECAP,0.9923664122137404
52040,52040,80.00,105,0,105,105,0,1.0,0.0,1.0,0.0,Margarita Lopez Torres RECAP,1.0
52041,52041,99.00,3,0,3,3,0,1.0,0.0,1.0,0.0,Margarita Lopez Torres RECAP,1.0
52042,52042,99.00,233,1,234,233,1,0.9957264957264957,0.004273504273504274,0.9957264957264957,0.004273504273504274,Margarita Lopez Torres RECAP,0.9957264957264957
52043,52043,50.00,135,2,137,135,2,0.9854014598540146,0.014598540145985401,0.9854014598540146,0.014598540145985401,Margarita Lopez Torres RECAP,0.9854014598540146
52044,52044,99.00,352,2,354,352,2,0.9943502824858758,0.005649717514124294,0.9943502824858758,0.005649717514124294,Margarita Lopez Torres RECAP,0.9943502824858758
52045,52045,99.00,16,0,16,16,0,1.0,0.0,1.0,0.0,Margarita Lopez Torres RECAP,1.0
52046,52046,50.00,121,0,121,121,0,1.0,0.0,1.0,0.0,Margarita Lopez Torres RECAP,1.0
52047,52047,99.00,13,0,13,13,0,1.0,0.0,1.0,0.0,Margarita Lopez Torres RECAP,1.0
52048,52048,99.00,21,0,21,21,0,1.0,0.0,1.0,0.0,Margarita Lopez Torres RECAP,1.0
52049,52049,99.00,14,0,14,14,0,1.0,0.0,1.0,0.0,Margarita Lopez Torres RECAP,1.0
52050,52050,99.00,6,0,6,6,0,1.0,0.0,1.0,0.0,Margarita Lopez Torres RECAP,1.0
52051,52051,99.00,228,1,229,228,1,0.9956331877729258,0.004366812227074236,0.9956331877729258,0.004366812227074236,Margarita Lopez Torres RECAP,0.9956331877729258
52052,52052,99.00,106,1,107,106,1,0.9906542056074766,0.009345794392523364,0.9906542056074766,0.009345794392523364,Margarita Lopez Torres RECAP,0.9906542056074766
52053,52053,99.00,2,0,2,2,0,1.0,0.0,1.0,0.0,Margarita Lopez Torres RECAP,1.0
52054,52054,99.00,0,0,0,0,0,0,0,0,0,n/a,0
52055,52055,99.00,326,2,328,326,2,0.9939024390243902,0.006097560975609756,0.9939024390243902,0.006097560975609756,Margarita Lopez Torres RECAP,0.9939024390243902
52056,52056,99.00,222,0,222,222,0,1.0,0.0,1.0,0.0,Margarita Lopez Torres RECAP,1.0
52057,52057,99.00,359,0,359,359,0,1.0,0.0,1.0,0.0,Margarita Lopez Torres RECAP,1.0
52058,52058,99.00,14,0,14,14,0,1.0,0.0,1.0,0.0,Margarita Lopez Torres RECAP,1.0
52059,52059,99.00,413,2,415,413,2,0.9951807228915662,0.004819277108433735,0.9951807228915662,0.004819277108433735,Margarita Lopez Torres RECAP,0.9951807228915662
52060,52060,99.00,16,0,16,16,0,1.0,0.0,1.0,0.0,Margarita Lopez Torres RECAP,1.0
52061,52061,99.00,331,5,336,331,5,0.9851190476190477,0.01488095238095238,0.9851190476190477,0.01488095238095238,Margarita Lopez Torres RECAP,0.9851190476190477
52062,52062,99.00,11,0,11,11,0,1.0,0.0,1.0,0.0,Margarita Lopez Torres RECAP,1.0
52063,52063,99.00,0,0,0,0,0,0,0,0,0,n/a,0
52064,52064,99.00,343,2,345,343,2,0.9942028985507246,0.005797101449275362,0.9942028985507246,0.005797101449275362,Margarita Lopez Torres RECAP,0.9942028985507246
52065,52065,99.00,10,0,10,10,0,1.0,0.0,1.0,0.0,Margarita Lopez Torres RECAP,1.0
52066,52066,99.00,433,1,434,433,1,0.9976958525345622,0.002304147465437788,0.9976958525345622,0.002304147465437788,Margarita Lopez Torres RECAP,0.9976958525345622
52067,52067,99.00,7,1,8,7,1,0.875,0.125,0.875,0.125,Margarita Lopez Torres RECAP,0.875
52068,52068,99.00,37,0,37,37,0,1.0,0.0,1.0,0.0,Margarita Lopez Torres RECAP,1.0
52069,52069,99.00,456,4,460,456,4,0.991304347826087,0.008695652173913044,0.991304347826087,0.008695652173913044,Margarita Lopez Torres RECAP,0.991304347826087
52070,52070,99.00,308,4,312,308,4,0.9871794871794872,0.01282051282051282,0.9871794871794872,0.01282051282051282,Margarita Lopez Torres RECAP,0.9871794871794872
52071,52071,99.00,485,3,488,485,3,0.9938524590163934,0.006147540983606557,0.9938524590163934,0.006147540983606557,Margarita Lopez Torres RECAP,0.9938524590163934
52072,52072,99.00,31,0,31,31,0,1.0,0.0,1.0,0.0,Margarita Lopez Torres RECAP,1.0
52073,52073,99.00,354,2,356,354,2,0.9943820224719101,0.0056179775280898875,0.9943820224719101,0.0056179775280898875,Margarita Lopez Torres RECAP,0.9943820224719101
52074,52074,99.00,29,0,29,29,0,1.0,0.0,1.0,0.0,Margarita Lopez Torres RECAP,1.0
52075,52075,99.00,390,3,393,390,3,0.9923664122137404,0.007633587786259542,0.9923664122137404,0.007633587786259542,Margarita Lopez Torres RECAP,0.9923664122137404
52076,52076,99.00,79,1,80,79,1,0.9875,0.0125,0.9875,0.0125,Margarita Lopez Torres RECAP,0.9875
52077,52077,99.00,12,0,12,12,0,1.0,0.0,1.0,0.0,Margarita Lopez Torres RECAP,1.0
52078,52078,99.00,281,0,281,281,0,1.0,0.0,1.0,0.0,Margarita Lopez Torres RECAP,1.0
52079,52079,99.00,6,0,6,6,0,1.0,0.0,1.0,0.0,Margarita Lopez Torres RECAP,1.0
52080,52080,99.00,13,0,13,13,0,1.0,0.0,1.0,0.0,Margarita Lopez Torres RECAP,1.0
52081,52081,99.00,279,0,279,279,0,1.0,0.0,1.0,0.0,Margarita Lopez Torres RECAP,1.0
52082,52082,99.00,366,4,370,366,4,0.9891891891891892,0.010810810810810811,0.9891891891891892,0.010810810810810811,Margarita Lopez Torres RECAP,0.9891891891891892
52083,52083,99.00,52,1,53,52,1,0.9811320754716981,0.018867924528301886,0.9811320754716981,0.018867924528301886,Margarita Lopez Torres RECAP,0.9811320754716981
52084,52084,99.00,402,1,403,402,1,0.9975186104218362,0.0024813895781637717,0.9975186104218362,0.0024813895781637717,Margarita Lopez Torres RECAP,0.9975186104218362
52085,52085,99.00,381,3,384,381,3,0.9921875,0.0078125,0.9921875,0.0078125,Margarita Lopez Torres RECAP,0.9921875
52086,52086,99.00,32,1,33,32,1,0.9696969696969697,0.030303030303030304,0.9696969696969697,0.030303030303030304,Margarita Lopez Torres RECAP,0.9696969696969697
52087,52087,99.00,514,4,518,514,4,0.9922779922779923,0.007722007722007722,0.9922779922779923,0.007722007722007722,Margarita Lopez Torres RECAP,0.9922779922779923
52088,52088,99.00,22,0,22,22,0,1.0,0.0,1.0,0.0,Margarita Lopez Torres RECAP,1.0
52089,52089,99.00,404,4,408,404,4,0.9901960784313726,0.00980392156862745,0.9901960784313726,0.00980392156862745,Margarita Lopez Torres RECAP,0.9901960784313726
52090,52090,99.00,261,1,262,261,1,0.9961832061068703,0.003816793893129771,0.9961832061068703,0.003816793893129771,Margarita Lopez Torres RECAP,0.9961832061068703
52091,52091,99.00,8,1,9,8,1,0.8888888888888888,0.1111111111111111,0.8888888888888888,0.1111111111111111,Margarita Lopez Torres RECAP,0.8888888888888888
52092,52092,99.00,448,2,450,448,2,0.9955555555555555,0.0044444444444444444,0.9955555555555555,0.0044444444444444444,Margarita Lopez Torres RECAP,0.9955555555555555
52093,52093,99.00,24,0,24,24,0,1.0,0.0,1.0,0.0,Margarita Lopez Torres RECAP,1.0
52094,52094,99.00,21,0,21,21,0,1.0,0.0,1.0,0.0,Margarita Lopez Torres RECAP,1.0
52095,52095,0.00,1,0,1,1,0,1.0,0.0,1.0,0.0,Margarita Lopez Torres RECAP,1.0
52096,52096,99.00,227,2,229,227,2,0.9912663755458515,0.008733624454148471,0.9912663755458515,0.008733624454148471,Margarita Lopez Torres RECAP,0.9912663755458515
52097,52097,99.00,256,1,257,256,1,0.9961089494163424,0.0038910505836575876,0.9961089494163424,0.0038910505836575876,Margarita Lopez Torres RECAP,0.9961089494163424
52098,52098,99.00,432,4,436,432,4,0.9908256880733946,0.009174311926605505,0.9908256880733946,0.009174311926605505,Margarita Lopez Torres RECAP,0.9908256880733946
52099,52099,99.00,300,0,300,300,0,1.0,0.0,1.0,0.0,Margarita Lopez Torres RECAP,1.0
52100,52100,99.00,341,1,342,341,1,0.9970760233918129,0.0029239766081871343,0.9970760233918129,0.0029239766081871343,Margarita Lopez Torres RECAP,0.9970760233918129
52101,52101,99.00,21,0,21,21,0,1.0,0.0,1.0,0.0,Margarita Lopez Torres RECAP,1.0
52102,52102,99.00,239,1,240,239,1,0.9958333333333333,0.004166666666666667,0.9958333333333333,0.004166666666666667,Margarita Lopez Torres RECAP,0.9958333333333333
52103,52103,99.00,260,2,262,260,2,0.9923664122137404,0.007633587786259542,0.9923664122137404,0.007633587786259542,Margarita Lopez Torres RECAP,0.9923664122137404
52104,52104,99.00,11,2,13,11,2,0.8461538461538461,0.15384615384615385,0.8461538461538461,0.15384615384615385,Margarita Lopez Torres RECAP,0.8461538461538461
52105,52105,99.00,314,1,315,314,1,0.9968253968253968,0.0031746031746031746,0.9968253968253968,0.0031746031746031746,Margarita Lopez Torres RECAP,0.9968253968253968
52106,52106,99.00,11,0,11,11,0,1.0,0.0,1.0,0.0,Margarita Lopez Torres RECAP,1.0
52107,52107,99.00,358,1,359,358,1,0.9972144846796658,0.002785515320334262,0.9972144846796658,0.002785515320334262,Margarita Lopez Torres RECAP,0.9972144846796658
52108,52108,99.00,17,0,17,17,0,1.0,0.0,1.0,0.0,Margarita Lopez Torres RECAP,1.0
52109,52109,99.00,4,0,4,4,0,1.0,0.0,1.0,0.0,Margarita Lopez Torres RECAP,1.0
52110,52110,80.00,11,0,11,11,0,1.0,0.0,1.0,0.0,Margarita Lopez Torres RECAP,1.0
52111,52111,99.00,11,0,11,11,0,1.0,0.0,1.0,0.0,Margarita Lopez Torres RECAP,1.0
52112,52112,99.00,337,3,340,337,3,0.9911764705882353,0.008823529411764706,0.9911764705882353,0.008823529411764706,Margarita Lopez Torres RECAP,0.9911764705882353
52113,52113,99.00,275,1,276,275,1,0.9963768115942029,0.0036231884057971015,0.9963768115942029,0.0036231884057971015,Margarita Lopez Torres RECAP,0.9963768115942029
52114,52114,99.00,13,0,13,13,0,1.0,0.0,1.0,0.0,Margarita Lopez Torres RECAP,1.0
52115,52115,18.75,41,0,41,41,0,1.0,0.0,1.0,0.0,Margarita Lopez Torres RECAP,1.0
52116,52116,99.00,454,5,459,454,5,0.9891067538126361,0.010893246187363835,0.9891067538126361,0.010893246187363835,Margarita Lopez Torres RECAP,0.9891067538126361
52117,52117,99.00,36,0,36,36,0,1.0,0.0,1.0,0.0,Margarita Lopez Torres RECAP,1.0
52118,52118,99.00,0,0,0,0,0,0,0,0,0,n/a,0
52119,52119,99.00,0,0,0,0,0,0,0,0,0,n/a,0
52120,52120,99.00,0,0,0,0,0,0,0,0,0,n/a,0
52121,52121,99.00,0,0,0,0,0,0,0,0,0,n/a,0
52122,52122,99.00,0,0,0,0,0,0,0,0,0,n/a,0
52123,52123,99.00,0,0,0,0,0,0,0,0,0,n/a,0
52124,52124,99.00,0,0,0,0,0,0,0,0,0,n/a,0
52125,52125,99.00,0,0,0,0,0,0,0,0,0,n/a,0
52126,52126,99.00,0,0,0,0,0,0,0,0,0,n/a,0
53001,53001,99.00,1,0,1,1,0,1.0,0.0,1.0,0.0,Margarita Lopez Torres RECAP,1.0
53002,53002,99.00,141,1,142,141,1,0.9929577464788732,0.007042253521126761,0.9929577464788732,0.007042253521126761,Margarita Lopez Torres RECAP,0.9929577464788732
53003,53003,99.00,100,2,102,100,2,0.9803921568627451,0.0196078431372549,0.9803921568627451,0.0196078431372549,Margarita Lopez Torres RECAP,0.9803921568627451
53004,53004,99.00,131,1,132,131,1,0.9924242424242424,0.007575757575757576,0.9924242424242424,0.007575757575757576,Margarita Lopez Torres RECAP,0.9924242424242424
53005,53005,99.00,148,0,148,148,0,1.0,0.0,1.0,0.0,Margarita Lopez Torres RECAP,1.0
53006,53006,99.00,2,0,2,2,0,1.0,0.0,1.0,0.0,Margarita Lopez Torres RECAP,1.0
53007,53007,99.00,193,1,194,193,1,0.9948453608247423,0.005154639175257732,0.9948453608247423,0.005154639175257732,Margarita Lopez Torres RECAP,0.9948453608247423
53008,53008,99.00,176,1,177,176,1,0.9943502824858758,0.005649717514124294,0.9943502824858758,0.005649717514124294,Margarita Lopez Torres RECAP,0.9943502824858758
53009,53009,99.00,121,0,121,121,0,1.0,0.0,1.0,0.0,Margarita Lopez Torres RECAP,1.0
53010,53010,99.00,0,0,0,0,0,0,0,0,0,n/a,0
53011,53011,99.00,2,0,2,2,0,1.0,0.0,1.0,0.0,Margarita Lopez Torres RECAP,1.0
53012,53012,99.00,165,0,165,165,0,1.0,0.0,1.0,0.0,Margarita Lopez Torres RECAP,1.0
53013,53013,99.00,160,2,162,160,2,0.9876543209876543,0.012345679012345678,0.9876543209876543,0.012345679012345678,Margarita Lopez Torres RECAP,0.9876543209876543
53014,53014,99.00,0,0,0,0,0,0,0,0,0,n/a,0
53015,53015,99.00,5,0,5,5,0,1.0,0.0,1.0,0.0,Margarita Lopez Torres RECAP,1.0
53016,53016,30.00,145,0,145,145,0,1.0,0.0,1.0,0.0,Margarita Lopez Torres RECAP,1.0
53017,53017,30.00,12,0,12,12,0,1.0,0.0,1.0,0.0,Margarita Lopez Torres RECAP,1.0
53018,53018,99.00,146,2,148,146,2,0.9864864864864865,0.013513513513513514,0.9864864864864865,0.013513513513513514,Margarita Lopez Torres RECAP,0.9864864864864865
53019,53019,99.00,5,0,5,5,0,1.0,0.0,1.0,0.0,Margarita Lopez Torres RECAP,1.0
53020,53020,99.00,155,1,156,155,1,0.9935897435897436,0.00641025641025641,0.9935897435897436,0.00641025641025641,Margarita Lopez Torres RECAP,0.9935897435897436
53021,53021,99.00,125,0,125,125,0,1.0,0.0,1.0,0.0,Margarita Lopez Torres RECAP,1.0
53022,53022,30.00,152,0,152,152,0,1.0,0.0,1.0,0.0,Margarita Lopez Torres RECAP,1.0
53023,53023,99.00,219,0,219,219,0,1.0,0.0,1.0,0.0,Margarita Lopez Torres RECAP,1.0
53024,53024,99.00,3,0,3,3,0,1.0,0.0,1.0,0.0,Margarita Lopez Torres RECAP,1.0
53025,53025,99.00,206,2,208,206,2,0.9903846153846154,0.009615384615384616,0.9903846153846154,0.009615384615384616,Margarita Lopez Torres RECAP,0.9903846153846154
53026,53026,99.00,3,0,3,3,0,1.0,0.0,1.0,0.0,Margarita Lopez Torres RECAP,1.0
53027,53027,99.00,152,0,152,152,0,1.0,0.0,1.0,0.0,Margarita Lopez Torres RECAP,1.0
53028,53028,99.00,143,1,144,143,1,0.9930555555555556,0.006944444444444444,0.9930555555555556,0.006944444444444444,Margarita Lopez Torres RECAP,0.9930555555555556
53029,53029,99.00,113,0,113,113,0,1.0,0.0,1.0,0.0,Margarita Lopez Torres RECAP,1.0
53030,53030,30.00,271,3,274,271,3,0.9890510948905109,0.010948905109489052,0.9890510948905109,0.010948905109489052,Margarita Lopez Torres RECAP,0.9890510948905109
53031,53031,99.00,10,0,10,10,0,1.0,0.0,1.0,0.0,Margarita Lopez Torres RECAP,1.0
53032,53032,99.00,243,2,245,243,2,0.9918367346938776,0.00816326530612245,0.9918367346938776,0.00816326530612245,Margarita Lopez Torres RECAP,0.9918367346938776
53033,53033,99.00,282,1,283,282,1,0.9964664310954063,0.0035335689045936395,0.9964664310954063,0.0035335689045936395,Margarita Lopez Torres RECAP,0.9964664310954063
53034,53034,99.00,286,2,288,286,2,0.9930555555555556,0.006944444444444444,0.9930555555555556,0.006944444444444444,Margarita Lopez Torres RECAP,0.9930555555555556
53035,53035,99.00,5,0,5,5,0,1.0,0.0,1.0,0.0,Margarita Lopez Torres RECAP,1.0
53036,53036,99.00,281,2,283,281,2,0.9929328621908127,0.007067137809187279,0.9929328621908127,0.007067137809187279,Margarita Lopez Torres RECAP,0.9929328621908127
53037,53037,99.00,7,0,7,7,0,1.0,0.0,1.0,0.0,Margarita Lopez Torres RECAP,1.0
53038,53038,99.00,4,0,4,4,0,1.0,0.0,1.0,0.0,Margarita Lopez Torres RECAP,1.0
53039,53039,99.00,203,2,205,203,2,0.9902439024390244,0.00975609756097561,0.9902439024390244,0.00975609756097561,Margarita Lopez Torres RECAP,0.9902439024390244
53040,53040,99.00,3,0,3,3,0,1.0,0.0,1.0,0.0,Margarita Lopez Torres RECAP,1.0
53041,53041,99.00,75,1,76,75,1,0.9868421052631579,0.013157894736842105,0.9868421052631579,0.013157894736842105,Margarita Lopez Torres RECAP,0.9868421052631579
53042,53042,99.00,118,0,118,118,0,1.0,0.0,1.0,0.0,Margarita Lopez Torres RECAP,1.0
53043,53043,99.00,86,0,86,86,0,1.0,0.0,1.0,0.0,Margarita Lopez Torres RECAP,1.0
53044,53044,99.00,125,0,125,125,0,1.0,0.0,1.0,0.0,Margarita Lopez Torres RECAP,1.0
53045,53045,99.00,155,0,155,155,0,1.0,0.0,1.0,0.0,Margarita Lopez Torres RECAP,1.0
53046,53046,99.00,153,2,155,153,2,0.9870967741935484,0.012903225806451613,0.9870967741935484,0.012903225806451613,Margarita Lopez Torres RECAP,0.9870967741935484
53047,53047,99.00,147,0,147,147,0,1.0,0.0,1.0,0.0,Margarita Lopez Torres RECAP,1.0
53048,53048,99.00,127,0,127,127,0,1.0,0.0,1.0,0.0,Margarita Lopez Torres RECAP,1.0
53049,53049,99.00,6,0,6,6,0,1.0,0.0,1.0,0.0,Margarita Lopez Torres RECAP,1.0
53050,53050,99.00,113,1,114,113,1,0.9912280701754386,0.008771929824561403,0.9912280701754386,0.008771929824561403,Margarita Lopez Torres RECAP,0.9912280701754386
53051,53051,99.00,0,0,0,0,0,0,0,0,0,n/a,0
53052,53052,99.00,0,0,0,0,0,0,0,0,0,n/a,0
53053,53053,99.00,2,0,2,2,0,1.0,0.0,1.0,0.0,Margarita Lopez Torres RECAP,1.0
53054,53054,99.00,156,0,156,156,0,1.0,0.0,1.0,0.0,Margarita Lopez Torres RECAP,1.0
53055,53055,99.00,102,0,102,102,0,1.0,0.0,1.0,0.0,Margarita Lopez Torres RECAP,1.0
53056,53056,99.00,118,1,119,118,1,0.9915966386554622,0.008403361344537815,0.9915966386554622,0.008403361344537815,Margarita Lopez Torres RECAP,0.9915966386554622
53057,53057,99.00,133,0,133,133,0,1.0,0.0,1.0,0.0,Margarita Lopez Torres RECAP,1.0
53058,53058,99.00,114,0,114,114,0,1.0,0.0,1.0,0.0,Margarita Lopez Torres RECAP,1.0
53059,53059,99.00,159,0,159,159,0,1.0,0.0,1.0,0.0,Margarita Lopez Torres RECAP,1.0
53060,53060,99.00,187,0,187,187,0,1.0,0.0,1.0,0.0,Margarita Lopez Torres RECAP,1.0
53061,53061,99.00,154,2,156,154,2,0.9871794871794872,0.01282051282051282,0.9871794871794872,0.01282051282051282,Margarita Lopez Torres RECAP,0.9871794871794872
53062,53062,99.00,0,0,0,0,0,0,0,0,0,n/a,0
53063,53063,99.00,158,0,158,158,0,1.0,0.0,1.0,0.0,Margarita Lopez Torres RECAP,1.0
53064,53064,99.00,100,2,102,100,2,0.9803921568627451,0.0196078431372549,0.9803921568627451,0.0196078431372549,Margarita Lopez Torres RECAP,0.9803921568627451
53065,53065,99.00,270,3,273,270,3,0.989010989010989,0.01098901098901099,0.989010989010989,0.01098901098901099,Margarita Lopez Torres RECAP,0.989010989010989
53066,53066,99.00,267,2,269,267,2,0.9925650557620818,0.007434944237918215,0.9925650557620818,0.007434944237918215,Margarita Lopez Torres RECAP,0.9925650557620818
53067,53067,99.00,157,1,158,157,1,0.9936708860759493,0.006329113924050633,0.9936708860759493,0.006329113924050633,Margarita Lopez Torres RECAP,0.9936708860759493
53068,53068,99.00,5,0,5,5,0,1.0,0.0,1.0,0.0,Margarita Lopez Torres RECAP,1.0
53069,53069,99.00,173,1,174,173,1,0.9942528735632183,0.005747126436781609,0.9942528735632183,0.005747126436781609,Margarita Lopez Torres RECAP,0.9942528735632183
53070,53070,37.50,129,0,129,129,0,1.0,0.0,1.0,0.0,Margarita Lopez Torres RECAP,1.0
53071,53071,99.00,4,0,4,4,0,1.0,0.0,1.0,0.0,Margarita Lopez Torres RECAP,1.0
53072,53072,99.00,117,1,118,117,1,0.9915254237288136,0.00847457627118644,0.9915254237288136,0.00847457627118644,Margarita Lopez Torres RECAP,0.9915254237288136
53073,53073,99.00,2,0,2,2,0,1.0,0.0,1.0,0.0,Margarita Lopez Torres RECAP,1.0
53074,53074,99.00,204,0,204,204,0,1.0,0.0,1.0,0.0,Margarita Lopez Torres RECAP,1.0
53075,53075,99.00,1,0,1,1,0,1.0,0.0,1.0,0.0,Margarita Lopez Torres RECAP,1.0
53076,53076,99.00,287,1,288,287,1,0.9965277777777778,0.003472222222222222,0.9965277777777778,0.003472222222222222,Margarita Lopez Torres RECAP,0.9965277777777778
53077,53077,99.00,148,1,149,148,1,0.9932885906040269,0.006711409395973154,0.9932885906040269,0.006711409395973154,Margarita Lopez Torres RECAP,0.9932885906040269
53078,53078,99.00,23,2,25,23,2,0.92,0.08,0.92,0.08,Margarita Lopez Torres RECAP,0.92
53079,53079,99.00,4,0,4,4,0,1.0,0.0,1.0,0.0,Margarita Lopez Torres RECAP,1.0
53080,53080,44.44,140,1,141,140,1,0.9929078014184397,0.0070921985815602835,0.9929078014184397,0.0070921985815602835,Margarita Lopez Torres RECAP,0.9929078014184397
53081,53081,99.00,0,0,0,0,0,0,0,0,0,n/a,0
53082,53082,99.00,127,2,129,127,2,0.9844961240310077,0.015503875968992248,0.9844961240310077,0.015503875968992248,Margarita Lopez Torres RECAP,0.9844961240310077
53083,53083,99.00,2,0,2,2,0,1.0,0.0,1.0,0.0,Margarita Lopez Torres RECAP,1.0
53084,53084,99.00,2,0,2,2,0,1.0,0.0,1.0,0.0,Margarita Lopez Torres RECAP,1.0
53085,53085,99.00,7,0,7,7,0,1.0,0.0,1.0,0.0,Margarita Lopez Torres RECAP,1.0
53086,53086,99.00,127,0,127,127,0,1.0,0.0,1.0,0.0,Margarita Lopez Torres RECAP,1.0
53087,53087,99.00,144,1,145,144,1,0.993103448275862,0.006896551724137931,0.993103448275862,0.006896551724137931,Margarita Lopez Torres RECAP,0.993103448275862
53088,53088,99.00,124,0,124,124,0,1.0,0.0,1.0,0.0,Margarita Lopez Torres RECAP,1.0
53089,53089,99.00,0,0,0,0,0,0,0,0,0,n/a,0
54001,54001,99.00,3,0,3,3,0,1.0,0.0,1.0,0.0,Margarita Lopez Torres RECAP,1.0
54002,54002,99.00,135,0,135,135,0,1.0,0.0,1.0,0.0,Margarita Lopez Torres RECAP,1.0
54003,54003,99.00,117,0,117,117,0,1.0,0.0,1.0,0.0,Margarita Lopez Torres RECAP,1.0
54004,54004,99.00,82,1,83,82,1,0.9879518072289156,0.012048192771084338,0.9879518072289156,0.012048192771084338,Margarita Lopez Torres RECAP,0.9879518072289156
54005,54005,99.00,2,0,2,2,0,1.0,0.0,1.0,0.0,Margarita Lopez Torres RECAP,1.0
54006,54006,99.00,0,0,0,0,0,0,0,0,0,n/a,0
54007,54007,99.00,4,0,4,4,0,1.0,0.0,1.0,0.0,Margarita Lopez Torres RECAP,1.0
54008,54008,99.00,186,1,187,186,1,0.9946524064171123,0.0053475935828877,0.9946524064171123,0.0053475935828877,Margarita Lopez Torres RECAP,0.9946524064171123
54009,54009,99.00,5,0,5,5,0,1.0,0.0,1.0,0.0,Margarita Lopez Torres RECAP,1.0
54010,54010,99.00,226,0,226,226,0,1.0,0.0,1.0,0.0,Margarita Lopez Torres RECAP,1.0
54011,54011,99.00,118,0,118,118,0,1.0,0.0,1.0,0.0,Margarita Lopez Torres RECAP,1.0
54012,54012,99.00,155,1,156,155,1,0.9935897435897436,0.00641025641025641,0.9935897435897436,0.00641025641025641,Margarita Lopez Torres RECAP,0.9935897435897436
54013,54013,99.00,5,0,5,5,0,1.0,0.0,1.0,0.0,Margarita Lopez Torres RECAP,1.0
54014,54014,99.00,16,0,16,16,0,1.0,0.0,1.0,0.0,Margarita Lopez Torres RECAP,1.0
54015,54015,99.00,66,2,68,66,2,0.9705882352941176,0.029411764705882353,0.9705882352941176,0.029411764705882353,Margarita Lopez Torres RECAP,0.9705882352941176
54016,54016,99.00,1,0,1,1,0,1.0,0.0,1.0,0.0,Margarita Lopez Torres RECAP,1.0
54017,54017,99.00,1,0,1,1,0,1.0,0.0,1.0,0.0,Margarita Lopez Torres RECAP,1.0
54018,54018,99.00,0,0,0,0,0,0,0,0,0,n/a,0
54019,54019,99.00,156,0,156,156,0,1.0,0.0,1.0,0.0,Margarita Lopez Torres RECAP,1.0
54020,54020,99.00,120,0,120,120,0,1.0,0.0,1.0,0.0,Margarita Lopez Torres RECAP,1.0
54021,54021,50.00,5,0,5,5,0,1.0,0.0,1.0,0.0,Margarita Lopez Torres RECAP,1.0
54022,54022,99.00,202,1,203,202,1,0.9950738916256158,0.0049261083743842365,0.9950738916256158,0.0049261083743842365,Margarita Lopez Torres RECAP,0.9950738916256158
54023,54023,99.00,100,0,100,100,0,1.0,0.0,1.0,0.0,Margarita Lopez Torres RECAP,1.0
54024,54024,99.00,126,0,126,126,0,1.0,0.0,1.0,0.0,Margarita Lopez Torres RECAP,1.0
54025,54025,99.00,225,1,226,225,1,0.995575221238938,0.004424778761061947,0.995575221238938,0.004424778761061947,Margarita Lopez Torres RECAP,0.995575221238938
54026,54026,99.00,0,0,0,0,0,0,0,0,0,n/a,0
54027,54027,99.00,177,0,177,177,0,1.0,0.0,1.0,0.0,Margarita Lopez Torres RECAP,1.0
54028,54028,50.00,131,1,132,131,1,0.9924242424242424,0.007575757575757576,0.9924242424242424,0.007575757575757576,Margarita Lopez Torres RECAP,0.9924242424242424
54029,54029,99.00,130,1,131,130,1,0.9923664122137404,0.007633587786259542,0.9923664122137404,0.007633587786259542,Margarita Lopez Torres RECAP,0.9923664122137404
54030,54030,37.50,98,0,98,98,0,1.0,0.0,1.0,0.0,Margarita Lopez Torres RECAP,1.0
54031,54031,37.50,157,0,157,157,0,1.0,0.0,1.0,0.0,Margarita Lopez Torres RECAP,1.0
54032,54032,37.50,14,0,14,14,0,1.0,0.0,1.0,0.0,Margarita Lopez Torres RECAP,1.0
54033,54033,99.00,204,0,204,204,0,1.0,0.0,1.0,0.0,Margarita Lopez Torres RECAP,1.0
54034,54034,99.00,4,0,4,4,0,1.0,0.0,1.0,0.0,Margarita Lopez Torres RECAP,1.0
54035,54035,99.00,6,0,6,6,0,1.0,0.0,1.0,0.0,Margarita Lopez Torres RECAP,1.0
54036,54036,99.00,9,0,9,9,0,1.0,0.0,1.0,0.0,Margarita Lopez Torres RECAP,1.0
54037,54037,99.00,209,1,210,209,1,0.9952380952380953,0.004761904761904762,0.9952380952380953,0.004761904761904762,Margarita Lopez Torres RECAP,0.9952380952380953
54038,54038,99.00,1,0,1,1,0,1.0,0.0,1.0,0.0,Margarita Lopez Torres RECAP,1.0
54039,54039,99.00,170,3,173,170,3,0.9826589595375722,0.017341040462427744,0.9826589595375722,0.017341040462427744,Margarita Lopez Torres RECAP,0.9826589595375722
54040,54040,99.00,2,0,2,2,0,1.0,0.0,1.0,0.0,Margarita Lopez Torres RECAP,1.0
54041,54041,99.00,148,0,148,148,0,1.0,0.0,1.0,0.0,Margarita Lopez Torres RECAP,1.0
54042,54042,99.00,0,0,0,0,0,0,0,0,0,n/a,0
54043,54043,99.00,100,2,102,100,2,0.9803921568627451,0.0196078431372549,0.9803921568627451,0.0196078431372549,Margarita Lopez Torres RECAP,0.9803921568627451
54044,54044,99.00,136,0,136,136,0,1.0,0.0,1.0,0.0,Margarita Lopez Torres RECAP,1.0
54045,54045,99.00,3,0,3,3,0,1.0,0.0,1.0,0.0,Margarita Lopez Torres RECAP,1.0
54046,54046,99.00,123,0,123,123,0,1.0,0.0,1.0,0.0,Margarita Lopez Torres RECAP,1.0
54047,54047,66.67,105,0,105,105,0,1.0,0.0,1.0,0.0,Margarita Lopez Torres RECAP,1.0
54048,54048,66.67,65,0,65,65,0,1.0,0.0,1.0,0.0,Margarita Lopez Torres RECAP,1.0
54049,54049,99.00,118,0,118,118,0,1.0,0.0,1.0,0.0,Margarita Lopez Torres RECAP,1.0
54050,54050,99.00,103,0,103,103,0,1.0,0.0,1.0,0.0,Margarita Lopez Torres RECAP,1.0
54051,54051,99.00,92,2,94,92,2,0.9787234042553191,0.02127659574468085,0.9787234042553191,0.02127659574468085,Margarita Lopez Torres RECAP,0.9787234042553191
54052,54052,99.00,1,0,1,1,0,1.0,0.0,1.0,0.0,Margarita Lopez Torres RECAP,1.0
54053,54053,66.67,0,0,0,0,0,0,0,0,0,n/a,0
54054,54054,99.00,0,0,0,0,0,0,0,0,0,n/a,0
54055,54055,99.00,2,0,2,2,0,1.0,0.0,1.0,0.0,Margarita Lopez Torres RECAP,1.0
54056,54056,99.00,2,0,2,2,0,1.0,0.0,1.0,0.0,Margarita Lopez Torres RECAP,1.0
54057,54057,99.00,143,1,144,143,1,0.9930555555555556,0.006944444444444444,0.9930555555555556,0.006944444444444444,Margarita Lopez Torres RECAP,0.9930555555555556
54058,54058,99.00,119,0,119,119,0,1.0,0.0,1.0,0.0,Margarita Lopez Torres RECAP,1.0
54059,54059,99.00,142,1,143,142,1,0.993006993006993,0.006993006993006993,0.993006993006993,0.006993006993006993,Margarita Lopez Torres RECAP,0.993006993006993
54060,54060,99.00,288,1,289,288,1,0.9965397923875432,0.0034602076124567475,0.9965397923875432,0.0034602076124567475,Margarita Lopez Torres RECAP,0.9965397923875432
54061,54061,99.00,162,2,164,162,2,0.9878048780487805,0.012195121951219513,0.9878048780487805,0.012195121951219513,Margarita Lopez Torres RECAP,0.9878048780487805
54062,54062,99.00,4,0,4,4,0,1.0,0.0,1.0,0.0,Margarita Lopez Torres RECAP,1.0
54063,54063,99.00,207,2,209,207,2,0.9904306220095693,0.009569377990430622,0.9904306220095693,0.009569377990430622,Margarita Lopez Torres RECAP,0.9904306220095693
54064,54064,99.00,7,0,7,7,0,1.0,0.0,1.0,0.0,Margarita Lopez Torres RECAP,1.0
54065,54065,99.00,3,0,3,3,0,1.0,0.0,1.0,0.0,Margarita Lopez Torres RECAP,1.0
54066,54066,99.00,96,0,96,96,0,1.0,0.0,1.0,0.0,Margarita Lopez Torres RECAP,1.0
54067,54067,99.00,122,0,122,122,0,1.0,0.0,1.0,0.0,Margarita Lopez Torres RECAP,1.0
54068,54068,99.00,121,0,121,121,0,1.0,0.0,1.0,0.0,Margarita Lopez Torres RECAP,1.0
54069,54069,99.00,122,0,122,122,0,1.0,0.0,1.0,0.0,Margarita Lopez Torres RECAP,1.0
54070,54070,99.00,107,0,107,107,0,1.0,0.0,1.0,0.0,Margarita Lopez Torres RECAP,1.0
54071,54071,99.00,1,0,1,1,0,1.0,0.0,1.0,0.0,Margarita Lopez Torres RECAP,1.0
54072,54072,99.00,0,0,0,0,0,0,0,0,0,n/a,0
54073,54073,99.00,7,0,7,7,0,1.0,0.0,1.0,0.0,Margarita Lopez Torres RECAP,1.0
54074,54074,99.00,8,0,8,8,0,1.0,0.0,1.0,0.0,Margarita Lopez Torres RECAP,1.0
54075,54075,99.00,1,0,1,1,0,1.0,0.0,1.0,0.0,Margarita Lopez Torres RECAP,1.0
54076,54076,99.00,116,1,117,116,1,0.9914529914529915,0.008547008547008548,0.9914529914529915,0.008547008547008548,Margarita Lopez Torres RECAP,0.9914529914529915
54077,54077,99.00,2,0,2,2,0,1.0,0.0,1.0,0.0,Margarita Lopez Torres RECAP,1.0
54078,54078,99.00,0,0,0,0,0,0,0,0,0,n/a,0
54079,54079,99.00,0,0,0,0,0,0,0,0,0,n/a,0
54080,54080,99.00,71,2,73,71,2,0.9726027397260274,0.0273972602739726,0.9726027397260274,0.0273972602739726,Margarita Lopez Torres RECAP,0.9726027397260274
54081,54081,99.00,136,0,136,136,0,1.0,0.0,1.0,0.0,Margarita Lopez Torres RECAP,1.0
54082,54082,99.00,0,0,0,0,0,0,0,0,0,n/a,0
54083,54083,99.00,159,1,160,159,1,0.99375,0.00625,0.99375,0.00625,Margarita Lopez Torres RECAP,0.99375
54084,54084,99.00,2,1,3,2,1,0.6666666666666666,0.3333333333333333,0.6666666666666666,0.3333333333333333,Margarita Lopez Torres RECAP,0.6666666666666666
54085,54085,99.00,164,0,164,164,0,1.0,0.0,1.0,0.0,Margarita Lopez Torres RECAP,1.0
54086,54086,99.00,145,0,145,145,0,1.0,0.0,1.0,0.0,Margarita Lopez Torres RECAP,1.0
54087,54087,99.00,0,0,0,0,0,0,0,0,0,n/a,0
54088,54088,99.00,1,0,1,1,0,1.0,0.0,1.0,0.0,Margarita Lopez Torres RECAP,1.0
54089,54089,99.00,174,0,174,174,0,1.0,0.0,1.0,0.0,Margarita Lopez Torres RECAP,1.0
55001,55001,99.00,0,0,0,0,0,0,0,0,0,n/a,0
55002,55002,99.00,124,0,124,124,0,1.0,0.0,1.0,0.0,Margarita Lopez Torres RECAP,1.0
55003,55003,99.00,1,0,1,1,0,1.0,0.0,1.0,0.0,Margarita Lopez Torres RECAP,1.0
55004,55004,99.00,9,0,9,9,0,1.0,0.0,1.0,0.0,Margarita Lopez Torres RECAP,1.0
55005,55005,99.00,2,0,2,2,0,1.0,0.0,1.0,0.0,Margarita Lopez Torres RECAP,1.0
55006,55006,50.00,0,0,0,0,0,0,0,0,0,n/a,0
55007,55007,99.00,100,0,100,100,0,1.0,0.0,1.0,0.0,Margarita Lopez Torres RECAP,1.0
55008,55008,99.00,0,0,0,0,0,0,0,0,0,n/a,0
55009,55009,99.00,241,0,241,241,0,1.0,0.0,1.0,0.0,Margarita Lopez Torres RECAP,1.0
55010,55010,99.00,200,0,200,200,0,1.0,0.0,1.0,0.0,Margarita Lopez Torres RECAP,1.0
55011,55011,50.00,110,0,110,110,0,1.0,0.0,1.0,0.0,Margarita Lopez Torres RECAP,1.0
55012,55012,50.00,67,0,67,67,0,1.0,0.0,1.0,0.0,Margarita Lopez Torres RECAP,1.0
55013,55013,99.00,3,0,3,3,0,1.0,0.0,1.0,0.0,Margarita Lopez Torres RECAP,1.0
55014,55014,99.00,126,0,126,126,0,1.0,0.0,1.0,0.0,Margarita Lopez Torres RECAP,1.0
55015,55015,99.00,172,1,173,172,1,0.9942196531791907,0.005780346820809248,0.9942196531791907,0.005780346820809248,Margarita Lopez Torres RECAP,0.9942196531791907
55016,55016,99.00,172,0,172,172,0,1.0,0.0,1.0,0.0,Margarita Lopez Torres RECAP,1.0
55017,55017,99.00,1,0,1,1,0,1.0,0.0,1.0,0.0,Margarita Lopez Torres RECAP,1.0
55018,55018,99.00,170,0,170,170,0,1.0,0.0,1.0,0.0,Margarita Lopez Torres RECAP,1.0
55019,55019,99.00,181,0,181,181,0,1.0,0.0,1.0,0.0,Margarita Lopez Torres RECAP,1.0
55020,55020,99.00,274,0,274,274,0,1.0,0.0,1.0,0.0,Margarita Lopez Torres RECAP,1.0
55021,55021,99.00,104,0,104,104,0,1.0,0.0,1.0,0.0,Margarita Lopez Torres RECAP,1.0
55022,55022,99.00,7,0,7,7,0,1.0,0.0,1.0,0.0,Margarita Lopez Torres RECAP,1.0
55023,55023,99.00,259,0,259,259,0,1.0,0.0,1.0,0.0,Margarita Lopez Torres RECAP,1.0
55024,55024,99.00,123,1,124,123,1,0.9919354838709677,0.008064516129032258,0.9919354838709677,0.008064516129032258,Margarita Lopez Torres RECAP,0.9919354838709677
55025,55025,99.00,156,0,156,156,0,1.0,0.0,1.0,0.0,Margarita Lopez Torres RECAP,1.0
55026,55026,99.00,1,0,1,1,0,1.0,0.0,1.0,0.0,Margarita Lopez Torres RECAP,1.0
55027,55027,99.00,116,1,117,116,1,0.9914529914529915,0.008547008547008548,0.9914529914529915,0.008547008547008548,Margarita Lopez Torres RECAP,0.9914529914529915
55028,55028,99.00,2,1,3,2,1,0.6666666666666666,0.3333333333333333,0.6666666666666666,0.3333333333333333,Margarita Lopez Torres RECAP,0.6666666666666666
55029,55029,99.00,0,0,0,0,0,0,0,0,0,n/a,0
55030,55030,99.00,5,0,5,5,0,1.0,0.0,1.0,0.0,Margarita Lopez Torres RECAP,1.0
55031,55031,99.00,171,0,171,171,0,1.0,0.0,1.0,0.0,Margarita Lopez Torres RECAP,1.0
55032,55032,99.00,251,0,251,251,0,1.0,0.0,1.0,0.0,Margarita Lopez Torres RECAP,1.0
55033,55033,99.00,272,0,272,272,0,1.0,0.0,1.0,0.0,Margarita Lopez Torres RECAP,1.0
55034,55034,99.00,3,0,3,3,0,1.0,0.0,1.0,0.0,Margarita Lopez Torres RECAP,1.0
55035,55035,99.00,96,0,96,96,0,1.0,0.0,1.0,0.0,Margarita Lopez Torres RECAP,1.0
55036,55036,99.00,0,0,0,0,0,0,0,0,0,n/a,0
55037,55037,99.00,12,0,12,12,0,1.0,0.0,1.0,0.0,Margarita Lopez Torres RECAP,1.0
55038,55038,99.00,78,0,78,78,0,1.0,0.0,1.0,0.0,Margarita Lopez Torres RECAP,1.0
55039,55039,99.00,0,0,0,0,0,0,0,0,0,n/a,0
55040,55040,99.00,0,0,0,0,0,0,0,0,0,n/a,0
55041,55041,99.00,62,0,62,62,0,1.0,0.0,1.0,0.0,Margarita Lopez Torres RECAP,1.0
55042,55042,99.00,1,0,1,1,0,1.0,0.0,1.0,0.0,Margarita Lopez Torres RECAP,1.0
55043,55043,99.00,1,0,1,1,0,1.0,0.0,1.0,0.0,Margarita Lopez Torres RECAP,1.0
55044,55044,99.00,0,0,0,0,0,0,0,0,0,n/a,0
55045,55045,99.00,57,0,57,57,0,1.0,0.0,1.0,0.0,Margarita Lopez Torres RECAP,1.0
55046,55046,99.00,140,0,140,140,0,1.0,0.0,1.0,0.0,Margarita Lopez Torres RECAP,1.0
55047,55047,99.00,57,0,57,57,0,1.0,0.0,1.0,0.0,Margarita Lopez Torres RECAP,1.0
55048,55048,99.00,109,0,109,109,0,1.0,0.0,1.0,0.0,Margarita Lopez Torres RECAP,1.0
55049,55049,99.00,96,0,96,96,0,1.0,0.0,1.0,0.0,Margarita Lopez Torres RECAP,1.0
55050,55050,99.00,34,0,34,34,0,1.0,0.0,1.0,0.0,Margarita Lopez Torres RECAP,1.0
55051,55051,99.00,0,0,0,0,0,0,0,0,0,n/a,0
55052,55052,99.00,47,0,47,47,0,1.0,0.0,1.0,0.0,Margarita Lopez Torres RECAP,1.0
55053,55053,99.00,0,0,0,0,0,0,0,0,0,n/a,0
55054,55054,99.00,0,0,0,0,0,0,0,0,0,n/a,0
55055,55055,99.00,113,0,113,113,0,1.0,0.0,1.0,0.0,Margarita Lopez Torres RECAP,1.0
55056,55056,99.00,0,0,0,0,0,0,0,0,0,n/a,0
55057,55057,99.00,66,1,67,66,1,0.9850746268656716,0.014925373134328358,0.9850746268656716,0.014925373134328358,Margarita Lopez Torres RECAP,0.9850746268656716
55058,55058,99.00,5,0,5,5,0,1.0,0.0,1.0,0.0,Margarita Lopez Torres RECAP,1.0
55059,55059,99.00,0,0,0,0,0,0,0,0,0,n/a,0
55060,55060,99.00,2,0,2,2,0,1.0,0.0,1.0,0.0,Margarita Lopez Torres RECAP,1.0
55061,55061,99.00,0,0,0,0,0,0,0,0,0,n/a,0
55062,55062,99.00,8,0,8,8,0,1.0,0.0,1.0,0.0,Margarita Lopez Torres RECAP,1.0
55063,55063,99.00,7,0,7,7,0,1.0,0.0,1.0,0.0,Margarita Lopez Torres RECAP,1.0
55064,55064,99.00,219,0,219,219,0,1.0,0.0,1.0,0.0,Margarita Lopez Torres RECAP,1.0
55065,55065,44.44,141,0,141,141,0,1.0,0.0,1.0,0.0,Margarita Lopez Torres RECAP,1.0
55066,55066,99.00,87,0,87,87,0,1.0,0.0,1.0,0.0,Margarita Lopez Torres RECAP,1.0
55067,55067,99.00,120,0,120,120,0,1.0,0.0,1.0,0.0,Margarita Lopez Torres RECAP,1.0
55068,55068,44.44,6,0,6,6,0,1.0,0.0,1.0,0.0,Margarita Lopez Torres RECAP,1.0
55069,55069,44.44,162,0,162,162,0,1.0,0.0,1.0,0.0,Margarita Lopez Torres RECAP,1.0
55070,55070,44.44,0,0,0,0,0,0,0,0,0,n/a,0
55071,55071,99.00,161,1,162,161,1,0.9938271604938271,0.006172839506172839,0.9938271604938271,0.006172839506172839,Margarita Lopez Torres RECAP,0.9938271604938271
55072,55072,99.00,3,2,5,3,2,0.6,0.4,0.6,0.4,Margarita Lopez Torres RECAP,0.6
55073,55073,99.00,0,0,0,0,0,0,0,0,0,n/a,0
55074,55074,99.00,151,0,151,151,0,1.0,0.0,1.0,0.0,Margarita Lopez Torres RECAP,1.0
55075,55075,99.00,155,0,155,155,0,1.0,0.0,1.0,0.0,Margarita Lopez Torres RECAP,1.0
55076,55076,99.00,137,3,140,137,3,0.9785714285714285,0.02142857142857143,0.9785714285714285,0.02142857142857143,Margarita Lopez Torres RECAP,0.9785714285714285
55077,55077,99.00,1,0,1,1,0,1.0,0.0,1.0,0.0,Margarita Lopez Torres RECAP,1.0
55078,55078,44.44,170,0,170,170,0,1.0,0.0,1.0,0.0,Margarita Lopez Torres RECAP,1.0
55079,55079,99.00,152,0,152,152,0,1.0,0.0,1.0,0.0,Margarita Lopez Torres RECAP,1.0
55080,55080,99.00,186,0,186,186,0,1.0,0.0,1.0,0.0,Margarita Lopez Torres RECAP,1.0
55081,55081,99.00,100,1,101,100,1,0.9900990099009901,0.009900990099009901,0.9900990099009901,0.009900990099009901,Margarita Lopez Torres RECAP,0.9900990099009901
55082,55082,99.00,184,0,184,184,0,1.0,0.0,1.0,0.0,Margarita Lopez Torres RECAP,1.0
55083,55083,99.00,149,0,149,149,0,1.0,0.0,1.0,0.0,Margarita Lopez Torres RECAP,1.0
55084,55084,99.00,142,0,142,142,0,1.0,0.0,1.0,0.0,Margarita Lopez Torres RECAP,1.0
55085,55085,99.00,1,0,1,1,0,1.0,0.0,1.0,0.0,Margarita Lopez Torres RECAP,1.0
55086,55086,99.00,2,0,2,2,0,1.0,0.0,1.0,0.0,Margarita Lopez Torres RECAP,1.0
55087,55087,99.00,0,0,0,0,0,0,0,0,0,n/a,0
55088,55088,99.00,258,0,258,258,0,1.0,0.0,1.0,0.0,Margarita Lopez Torres RECAP,1.0
55089,55089,99.00,235,0,235,235,0,1.0,0.0,1.0,0.0,Margarita Lopez Torres RECAP,1.0
55090,55090,99.00,5,0,5,5,0,1.0,0.0,1.0,0.0,Margarita Lopez Torres RECAP,1.0
55091,55091,99.00,4,0,4,4,0,1.0,0.0,1.0,0.0,Margarita Lopez Torres RECAP,1.0
55092,55092,99.00,214,2,216,214,2,0.9907407407407407,0.009259259259259259,0.9907407407407407,0.009259259259259259,Margarita Lopez Torres RECAP,0.9907407407407407
55093,55093,99.00,237,1,238,237,1,0.9957983193277311,0.004201680672268907,0.9957983193277311,0.004201680672268907,Margarita Lopez Torres RECAP,0.9957983193277311
55094,55094,99.00,124,0,124,124,0,1.0,0.0,1.0,0.0,Margarita Lopez Torres RECAP,1.0
55095,55095,99.00,39,0,39,39,0,1.0,0.0,1.0,0.0,Margarita Lopez Torres RECAP,1.0
55096,55096,99.00,143,0,143,143,0,1.0,0.0,1.0,0.0,Margarita Lopez Torres RECAP,1.0
55097,55097,99.00,3,0,3,3,0,1.0,0.0,1.0,0.0,Margarita Lopez Torres RECAP,1.0
55098,55098,99.00,0,0,0,0,0,0,0,0,0,n/a,0
55099,55099,99.00,149,0,149,149,0,1.0,0.0,1.0,0.0,Margarita Lopez Torres RECAP,1.0
55100,55100,99.00,3,0,3,3,0,1.0,0.0,1.0,0.0,Margarita Lopez Torres RECAP,1.0
55101,55101,99.00,3,0,3,3,0,1.0,0.0,1.0,0.0,Margarita Lopez Torres RECAP,1.0
55102,55102,99.00,181,0,181,181,0,1.0,0.0,1.0,0.0,Margarita Lopez Torres RECAP,1.0
55103,55103,99.00,6,0,6,6,0,1.0,0.0,1.0,0.0,Margarita Lopez Torres RECAP,1.0
55104,55104,99.00,5,0,5,5,0,1.0,0.0,1.0,0.0,Margarita Lopez Torres RECAP,1.0
55105,55105,99.00,2,0,2,2,0,1.0,0.0,1.0,0.0,Margarita Lopez Torres RECAP,1.0
55106,55106,99.00,207,0,207,207,0,1.0,0.0,1.0,0.0,Margarita Lopez Torres RECAP,1.0
55107,55107,99.00,181,1,182,181,1,0.9945054945054945,0.005494505494505495,0.9945054945054945,0.005494505494505495,Margarita Lopez Torres RECAP,0.9945054945054945
55108,55108,99.00,169,1,170,169,1,0.9941176470588236,0.0058823529411764705,0.9941176470588236,0.0058823529411764705,Margarita Lopez Torres RECAP,0.9941176470588236
55109,55109,99.00,3,0,3,3,0,1.0,0.0,1.0,0.0,Margarita Lopez Torres RECAP,1.0
55110,55110,44.44,4,0,4,4,0,1.0,0.0,1.0,0.0,Margarita Lopez Torres RECAP,1.0
55111,55111,99.00,0,0,0,0,0,0,0,0,0,n/a,0
55112,55112,99.00,0,0,0,0,0,0,0,0,0,n/a,0
55113,55113,99.00,0,0,0,0,0,0,0,0,0,n/a,0
56001,56001,44.44,134,0,134,134,0,1.0,0.0,1.0,0.0,Margarita Lopez Torres RECAP,1.0
56002,56002,44.44,82,0,82,82,0,1.0,0.0,1.0,0.0,Margarita Lopez Torres RECAP,1.0
56003,56003,99.00,69,0,69,69,0,1.0,0.0,1.0,0.0,Margarita Lopez Torres RECAP,1.0
56004,56004,44.44,10,0,10,10,0,1.0,0.0,1.0,0.0,Margarita Lopez Torres RECAP,1.0
56005,56005,99.00,2,0,2,2,0,1.0,0.0,1.0,0.0,Margarita Lopez Torres RECAP,1.0
56006,56006,44.44,118,0,118,118,0,1.0,0.0,1.0,0.0,Margarita Lopez Torres RECAP,1.0
56007,56007,99.00,8,0,8,8,0,1.0,0.0,1.0,0.0,Margarita Lopez Torres RECAP,1.0
56008,56008,99.00,89,0,89,89,0,1.0,0.0,1.0,0.0,Margarita Lopez Torres RECAP,1.0
56009,56009,99.00,77,0,77,77,0,1.0,0.0,1.0,0.0,Margarita Lopez Torres RECAP,1.0
56010,56010,99.00,142,1,143,142,1,0.993006993006993,0.006993006993006993,0.993006993006993,0.006993006993006993,Margarita Lopez Torres RECAP,0.993006993006993
56011,56011,99.00,155,1,156,155,1,0.9935897435897436,0.00641025641025641,0.9935897435897436,0.00641025641025641,Margarita Lopez Torres RECAP,0.9935897435897436
56012,56012,99.00,12,0,12,12,0,1.0,0.0,1.0,0.0,Margarita Lopez Torres RECAP,1.0
56013,56013,99.00,302,0,302,302,0,1.0,0.0,1.0,0.0,Margarita Lopez Torres RECAP,1.0
56014,56014,99.00,152,1,153,152,1,0.9934640522875817,0.006535947712418301,0.9934640522875817,0.006535947712418301,Margarita Lopez Torres RECAP,0.9934640522875817
56015,56015,80.00,195,0,195,195,0,1.0,0.0,1.0,0.0,Margarita Lopez Torres RECAP,1.0
56016,56016,80.00,153,4,157,153,4,0.9745222929936306,0.025477707006369428,0.9745222929936306,0.025477707006369428,Margarita Lopez Torres RECAP,0.9745222929936306
56017,56017,99.00,130,1,131,130,1,0.9923664122137404,0.007633587786259542,0.9923664122137404,0.007633587786259542,Margarita Lopez Torres RECAP,0.9923664122137404
56018,56018,99.00,17,0,17,17,0,1.0,0.0,1.0,0.0,Margarita Lopez Torres RECAP,1.0
56019,56019,99.00,279,0,279,279,0,1.0,0.0,1.0,0.0,Margarita Lopez Torres RECAP,1.0
56020,56020,99.00,1,0,1,1,0,1.0,0.0,1.0,0.0,Margarita Lopez Torres RECAP,1.0
56021,56021,99.00,237,1,238,237,1,0.9957983193277311,0.004201680672268907,0.9957983193277311,0.004201680672268907,Margarita Lopez Torres RECAP,0.9957983193277311
56022,56022,99.00,295,2,297,295,2,0.9932659932659933,0.006734006734006734,0.9932659932659933,0.006734006734006734,Margarita Lopez Torres RECAP,0.9932659932659933
56023,56023,99.00,179,0,179,179,0,1.0,0.0,1.0,0.0,Margarita Lopez Torres RECAP,1.0
56024,56024,99.00,176,1,177,176,1,0.9943502824858758,0.005649717514124294,0.9943502824858758,0.005649717514124294,Margarita Lopez Torres RECAP,0.9943502824858758
56025,56025,99.00,195,0,195,195,0,1.0,0.0,1.0,0.0,Margarita Lopez Torres RECAP,1.0
56026,56026,99.00,274,0,274,274,0,1.0,0.0,1.0,0.0,Margarita Lopez Torres RECAP,1.0
56027,56027,66.67,119,0,119,119,0,1.0,0.0,1.0,0.0,Margarita Lopez Torres RECAP,1.0
56028,56028,66.67,121,0,121,121,0,1.0,0.0,1.0,0.0,Margarita Lopez Torres RECAP,1.0
56029,56029,99.00,225,0,225,225,0,1.0,0.0,1.0,0.0,Margarita Lopez Torres RECAP,1.0
56030,56030,99.00,157,0,157,157,0,1.0,0.0,1.0,0.0,Margarita Lopez Torres RECAP,1.0
56031,56031,99.00,254,1,255,254,1,0.996078431372549,0.00392156862745098,0.996078431372549,0.00392156862745098,Margarita Lopez Torres RECAP,0.996078431372549
56032,56032,99.00,207,0,207,207,0,1.0,0.0,1.0,0.0,Margarita Lopez Torres RECAP,1.0
56033,56033,99.00,193,0,193,193,0,1.0,0.0,1.0,0.0,Margarita Lopez Torres RECAP,1.0
56034,56034,99.00,10,0,10,10,0,1.0,0.0,1.0,0.0,Margarita Lopez Torres RECAP,1.0
56035,56035,66.67,111,0,111,111,0,1.0,0.0,1.0,0.0,Margarita Lopez Torres RECAP,1.0
56036,56036,99.00,158,0,158,158,0,1.0,0.0,1.0,0.0,Margarita Lopez Torres RECAP,1.0
56037,56037,99.00,326,1,327,326,1,0.9969418960244648,0.0030581039755351682,0.9969418960244648,0.0030581039755351682,Margarita Lopez Torres RECAP,0.9969418960244648
56038,56038,99.00,221,2,223,221,2,0.9910313901345291,0.008968609865470852,0.9910313901345291,0.008968609865470852,Margarita Lopez Torres RECAP,0.9910313901345291
56039,56039,99.00,5,0,5,5,0,1.0,0.0,1.0,0.0,Margarita Lopez Torres RECAP,1.0
56040,56040,99.00,184,0,184,184,0,1.0,0.0,1.0,0.0,Margarita Lopez Torres RECAP,1.0
56041,56041,99.00,194,0,194,194,0,1.0,0.0,1.0,0.0,Margarita Lopez Torres RECAP,1.0
56042,56042,99.00,195,1,196,195,1,0.9948979591836735,0.00510204081632653,0.9948979591836735,0.00510204081632653,Margarita Lopez Torres RECAP,0.9948979591836735
56043,56043,99.00,7,0,7,7,0,1.0,0.0,1.0,0.0,Margarita Lopez Torres RECAP,1.0
56044,56044,99.00,323,1,324,323,1,0.9969135802469136,0.0030864197530864196,0.9969135802469136,0.0030864197530864196,Margarita Lopez Torres RECAP,0.9969135802469136
56045,56045,99.00,192,0,192,192,0,1.0,0.0,1.0,0.0,Margarita Lopez Torres RECAP,1.0
56046,56046,99.00,12,0,12,12,0,1.0,0.0,1.0,0.0,Margarita Lopez Torres RECAP,1.0
56047,56047,99.00,10,0,10,10,0,1.0,0.0,1.0,0.0,Margarita Lopez Torres RECAP,1.0
56048,56048,99.00,334,1,335,334,1,0.9970149253731343,0.0029850746268656717,0.9970149253731343,0.0029850746268656717,Margarita Lopez Torres RECAP,0.9970149253731343
56049,56049,99.00,357,5,362,357,5,0.9861878453038674,0.013812154696132596,0.9861878453038674,0.013812154696132596,Margarita Lopez Torres RECAP,0.9861878453038674
56050,56050,99.00,7,0,7,7,0,1.0,0.0,1.0,0.0,Margarita Lopez Torres RECAP,1.0
56051,56051,99.00,8,0,8,8,0,1.0,0.0,1.0,0.0,Margarita Lopez Torres RECAP,1.0
56052,56052,99.00,180,0,180,180,0,1.0,0.0,1.0,0.0,Margarita Lopez Torres RECAP,1.0
56053,56053,99.00,210,1,211,210,1,0.995260663507109,0.004739336492890996,0.995260663507109,0.004739336492890996,Margarita Lopez Torres RECAP,0.995260663507109
56054,56054,99.00,333,3,336,333,3,0.9910714285714286,0.008928571428571428,0.9910714285714286,0.008928571428571428,Margarita Lopez Torres RECAP,0.9910714285714286
56055,56055,66.67,325,3,328,325,3,0.9908536585365854,0.009146341463414634,0.9908536585365854,0.009146341463414634,Margarita Lopez Torres RECAP,0.9908536585365854
56056,56056,66.67,3,0,3,3,0,1.0,0.0,1.0,0.0,Margarita Lopez Torres RECAP,1.0
56057,56057,99.00,213,1,214,213,1,0.9953271028037384,0.004672897196261682,0.9953271028037384,0.004672897196261682,Margarita Lopez Torres RECAP,0.9953271028037384
56058,56058,99.00,14,0,14,14,0,1.0,0.0,1.0,0.0,Margarita Lopez Torres RECAP,1.0
56059,56059,0.00,9,0,9,9,0,1.0,0.0,1.0,0.0,Margarita Lopez Torres RECAP,1.0
56060,56060,99.00,257,0,257,257,0,1.0,0.0,1.0,0.0,Margarita Lopez Torres RECAP,1.0
56061,56061,99.00,7,0,7,7,0,1.0,0.0,1.0,0.0,Margarita Lopez Torres RECAP,1.0
56062,56062,99.00,91,1,92,91,1,0.9891304347826086,0.010869565217391304,0.9891304347826086,0.010869565217391304,Margarita Lopez Torres RECAP,0.9891304347826086
56063,56063,99.00,142,0,142,142,0,1.0,0.0,1.0,0.0,Margarita Lopez Torres RECAP,1.0
56064,56064,99.00,204,1,205,204,1,0.9951219512195122,0.004878048780487805,0.9951219512195122,0.004878048780487805,Margarita Lopez Torres RECAP,0.9951219512195122
56065,56065,99.00,222,1,223,222,1,0.9955156950672646,0.004484304932735426,0.9955156950672646,0.004484304932735426,Margarita Lopez Torres RECAP,0.9955156950672646
56066,56066,99.00,3,0,3,3,0,1.0,0.0,1.0,0.0,Margarita Lopez Torres RECAP,1.0
56067,56067,99.00,4,0,4,4,0,1.0,0.0,1.0,0.0,Margarita Lopez Torres RECAP,1.0
56068,56068,99.00,12,0,12,12,0,1.0,0.0,1.0,0.0,Margarita Lopez Torres RECAP,1.0
56069,56069,0.00,22,1,23,22,1,0.9565217391304348,0.043478260869565216,0.9565217391304348,0.043478260869565216,Margarita Lopez Torres RECAP,0.9565217391304348
56070,56070,0.00,14,0,14,14,0,1.0,0.0,1.0,0.0,Margarita Lopez Torres RECAP,1.0
56071,56071,99.00,246,0,246,246,0,1.0,0.0,1.0,0.0,Margarita Lopez Torres RECAP,1.0
56072,56072,99.00,219,2,221,219,2,0.9909502262443439,0.00904977375565611,0.9909502262443439,0.00904977375565611,Margarita Lopez Torres RECAP,0.9909502262443439
56073,56073,99.00,201,1,202,201,1,0.995049504950495,0.0049504950495049506,0.995049504950495,0.0049504950495049506,Margarita Lopez Torres RECAP,0.995049504950495
56074,56074,99.00,17,0,17,17,0,1.0,0.0,1.0,0.0,Margarita Lopez Torres RECAP,1.0
56075,56075,99.00,6,1,7,6,1,0.8571428571428571,0.14285714285714285,0.8571428571428571,0.14285714285714285,Margarita Lopez Torres RECAP,0.8571428571428571
56076,56076,99.00,7,0,7,7,0,1.0,0.0,1.0,0.0,Margarita Lopez Torres RECAP,1.0
56077,56077,99.00,239,1,240,239,1,0.9958333333333333,0.004166666666666667,0.9958333333333333,0.004166666666666667,Margarita Lopez Torres RECAP,0.9958333333333333
56078,56078,99.00,276,0,276,276,0,1.0,0.0,1.0,0.0,Margarita Lopez Torres RECAP,1.0
56079,56079,80.00,208,1,209,208,1,0.9952153110047847,0.004784688995215311,0.9952153110047847,0.004784688995215311,Margarita Lopez Torres RECAP,0.9952153110047847
56080,56080,99.00,379,1,380,379,1,0.9973684210526316,0.002631578947368421,0.9973684210526316,0.002631578947368421,Margarita Lopez Torres RECAP,0.9973684210526316
56081,56081,99.00,3,0,3,3,0,1.0,0.0,1.0,0.0,Margarita Lopez Torres RECAP,1.0
56082,56082,99.00,165,0,165,165,0,1.0,0.0,1.0,0.0,Margarita Lopez Torres RECAP,1.0
56083,56083,0.00,2,0,2,2,0,1.0,0.0,1.0,0.0,Margarita Lopez Torres RECAP,1.0
56084,56084,99.00,5,0,5,5,0,1.0,0.0,1.0,0.0,Margarita Lopez Torres RECAP,1.0
56085,56085,99.00,197,1,198,197,1,0.9949494949494949,0.005050505050505051,0.9949494949494949,0.005050505050505051,Margarita Lopez Torres RECAP,0.9949494949494949
56086,56086,99.00,139,1,140,139,1,0.9928571428571429,0.007142857142857143,0.9928571428571429,0.007142857142857143,Margarita Lopez Torres RECAP,0.9928571428571429
56087,56087,99.00,4,0,4,4,0,1.0,0.0,1.0,0.0,Margarita Lopez Torres RECAP,1.0
56088,56088,99.00,176,2,178,176,2,0.9887640449438202,0.011235955056179775,0.9887640449438202,0.011235955056179775,Margarita Lopez Torres RECAP,0.9887640449438202
56089,56089,99.00,11,0,11,11,0,1.0,0.0,1.0,0.0,Margarita Lopez Torres RECAP,1.0
56090,56090,99.00,366,0,366,366,0,1.0,0.0,1.0,0.0,Margarita Lopez Torres RECAP,1.0
56091,56091,99.00,239,1,240,239,1,0.9958333333333333,0.004166666666666667,0.9958333333333333,0.004166666666666667,Margarita Lopez Torres RECAP,0.9958333333333333
56092,56092,99.00,1,0,1,1,0,1.0,0.0,1.0,0.0,Margarita Lopez Torres RECAP,1.0
57001,57001,99.00,167,0,167,167,0,1.0,0.0,1.0,0.0,Margarita Lopez Torres RECAP,1.0
57002,57002,99.00,137,1,138,137,1,0.9927536231884058,0.007246376811594203,0.9927536231884058,0.007246376811594203,Margarita Lopez Torres RECAP,0.9927536231884058
57003,57003,99.00,4,0,4,4,0,1.0,0.0,1.0,0.0,Margarita Lopez Torres RECAP,1.0
57004,57004,99.00,74,0,74,74,0,1.0,0.0,1.0,0.0,Margarita Lopez Torres RECAP,1.0
57005,57005,99.00,2,0,2,2,0,1.0,0.0,1.0,0.0,Margarita Lopez Torres RECAP,1.0
57006,57006,99.00,109,1,110,109,1,0.990909090909091,0.00909090909090909,0.990909090909091,0.00909090909090909,Margarita Lopez Torres RECAP,0.990909090909091
57007,57007,99.00,4,0,4,4,0,1.0,0.0,1.0,0.0,Margarita Lopez Torres RECAP,1.0
57008,57008,99.00,186,1,187,186,1,0.9946524064171123,0.0053475935828877,0.9946524064171123,0.0053475935828877,Margarita Lopez Torres RECAP,0.9946524064171123
57009,57009,99.00,147,1,148,147,1,0.9932432432432432,0.006756756756756757,0.9932432432432432,0.006756756756756757,Margarita Lopez Torres RECAP,0.9932432432432432
57010,57010,99.00,340,1,341,340,1,0.9970674486803519,0.002932551319648094,0.9970674486803519,0.002932551319648094,Margarita Lopez Torres RECAP,0.9970674486803519
57011,57011,99.00,232,0,232,232,0,1.0,0.0,1.0,0.0,Margarita Lopez Torres RECAP,1.0
57012,57012,99.00,216,0,216,216,0,1.0,0.0,1.0,0.0,Margarita Lopez Torres RECAP,1.0
57013,57013,99.00,3,0,3,3,0,1.0,0.0,1.0,0.0,Margarita Lopez Torres RECAP,1.0
57014,57014,99.00,156,0,156,156,0,1.0,0.0,1.0,0.0,Margarita Lopez Torres RECAP,1.0
57015,57015,99.00,14,0,14,14,0,1.0,0.0,1.0,0.0,Margarita Lopez Torres RECAP,1.0
57016,57016,99.00,284,1,285,284,1,0.9964912280701754,0.0035087719298245615,0.9964912280701754,0.0035087719298245615,Margarita Lopez Torres RECAP,0.9964912280701754
57017,57017,99.00,317,1,318,317,1,0.9968553459119497,0.0031446540880503146,0.9968553459119497,0.0031446540880503146,Margarita Lopez Torres RECAP,0.9968553459119497
57018,57018,99.00,321,3,324,321,3,0.9907407407407407,0.009259259259259259,0.9907407407407407,0.009259259259259259,Margarita Lopez Torres RECAP,0.9907407407407407
57019,57019,99.00,3,0,3,3,0,1.0,0.0,1.0,0.0,Margarita Lopez Torres RECAP,1.0
57020,57020,99.00,0,0,0,0,0,0,0,0,0,n/a,0
57021,57021,80.00,178,0,178,178,0,1.0,0.0,1.0,0.0,Margarita Lopez Torres RECAP,1.0
57022,57022,99.00,175,1,176,175,1,0.9943181818181818,0.005681818181818182,0.9943181818181818,0.005681818181818182,Margarita Lopez Torres RECAP,0.9943181818181818
57023,57023,99.00,1,0,1,1,0,1.0,0.0,1.0,0.0,Margarita Lopez Torres RECAP,1.0
57024,57024,99.00,394,1,395,394,1,0.9974683544303797,0.002531645569620253,0.9974683544303797,0.002531645569620253,Margarita Lopez Torres RECAP,0.9974683544303797
57025,57025,99.00,332,0,332,332,0,1.0,0.0,1.0,0.0,Margarita Lopez Torres RECAP,1.0
57026,57026,99.00,268,1,269,268,1,0.9962825278810409,0.0037174721189591076,0.9962825278810409,0.0037174721189591076,Margarita Lopez Torres RECAP,0.9962825278810409
57027,57027,99.00,362,2,364,362,2,0.9945054945054945,0.005494505494505495,0.9945054945054945,0.005494505494505495,Margarita Lopez Torres RECAP,0.9945054945054945
57028,57028,99.00,9,1,10,9,1,0.9,0.1,0.9,0.1,Margarita Lopez Torres RECAP,0.9
57029,57029,99.00,359,1,360,359,1,0.9972222222222222,0.002777777777777778,0.9972222222222222,0.002777777777777778,Margarita Lopez Torres RECAP,0.9972222222222222
57030,57030,99.00,255,1,256,255,1,0.99609375,0.00390625,0.99609375,0.00390625,Margarita Lopez Torres RECAP,0.99609375
57031,57031,99.00,349,1,350,349,1,0.9971428571428571,0.002857142857142857,0.9971428571428571,0.002857142857142857,Margarita Lopez Torres RECAP,0.9971428571428571
57032,57032,99.00,153,0,153,153,0,1.0,0.0,1.0,0.0,Margarita Lopez Torres RECAP,1.0
57033,57033,99.00,2,0,2,2,0,1.0,0.0,1.0,0.0,Margarita Lopez Torres RECAP,1.0
57034,57034,99.00,297,1,298,297,1,0.9966442953020134,0.003355704697986577,0.9966442953020134,0.003355704697986577,Margarita Lopez Torres RECAP,0.9966442953020134
57035,57035,99.00,239,1,240,239,1,0.9958333333333333,0.004166666666666667,0.9958333333333333,0.004166666666666667,Margarita Lopez Torres RECAP,0.9958333333333333
57036,57036,80.00,207,0,207,207,0,1.0,0.0,1.0,0.0,Margarita Lopez Torres RECAP,1.0
57037,57037,80.00,145,0,145,145,0,1.0,0.0,1.0,0.0,Margarita Lopez Torres RECAP,1.0
57038,57038,99.00,258,2,260,258,2,0.9923076923076923,0.007692307692307693,0.9923076923076923,0.007692307692307693,Margarita Lopez Torres RECAP,0.9923076923076923
57039,57039,99.00,254,1,255,254,1,0.996078431372549,0.00392156862745098,0.996078431372549,0.00392156862745098,Margarita Lopez Torres RECAP,0.996078431372549
57040,57040,99.00,261,1,262,261,1,0.9961832061068703,0.003816793893129771,0.9961832061068703,0.003816793893129771,Margarita Lopez Torres RECAP,0.9961832061068703
57041,57041,99.00,233,2,235,233,2,0.9914893617021276,0.00851063829787234,0.9914893617021276,0.00851063829787234,Margarita Lopez Torres RECAP,0.9914893617021276
57042,57042,99.00,212,0,212,212,0,1.0,0.0,1.0,0.0,Margarita Lopez Torres RECAP,1.0
57043,57043,99.00,303,1,304,303,1,0.9967105263157895,0.003289473684210526,0.9967105263157895,0.003289473684210526,Margarita Lopez Torres RECAP,0.9967105263157895
57044,57044,99.00,193,0,193,193,0,1.0,0.0,1.0,0.0,Margarita Lopez Torres RECAP,1.0
57045,57045,99.00,346,0,346,346,0,1.0,0.0,1.0,0.0,Margarita Lopez Torres RECAP,1.0
57046,57046,99.00,2,0,2,2,0,1.0,0.0,1.0,0.0,Margarita Lopez Torres RECAP,1.0
57047,57047,0.00,11,0,11,11,0,1.0,0.0,1.0,0.0,Margarita Lopez Torres RECAP,1.0
57048,57048,99.00,419,0,419,419,0,1.0,0.0,1.0,0.0,Margarita Lopez Torres RECAP,1.0
57049,57049,99.00,218,1,219,218,1,0.9954337899543378,0.0045662100456621,0.9954337899543378,0.0045662100456621,Margarita Lopez Torres RECAP,0.9954337899543378
57050,57050,99.00,11,0,11,11,0,1.0,0.0,1.0,0.0,Margarita Lopez Torres RECAP,1.0
57051,57051,99.00,328,0,328,328,0,1.0,0.0,1.0,0.0,Margarita Lopez Torres RECAP,1.0
57052,57052,99.00,1,0,1,1,0,1.0,0.0,1.0,0.0,Margarita Lopez Torres RECAP,1.0
57053,57053,99.00,7,0,7,7,0,1.0,0.0,1.0,0.0,Margarita Lopez Torres RECAP,1.0
57054,57054,99.00,246,2,248,246,2,0.9919354838709677,0.008064516129032258,0.9919354838709677,0.008064516129032258,Margarita Lopez Torres RECAP,0.9919354838709677
57055,57055,99.00,337,3,340,337,3,0.9911764705882353,0.008823529411764706,0.9911764705882353,0.008823529411764706,Margarita Lopez Torres RECAP,0.9911764705882353
57056,57056,99.00,224,0,224,224,0,1.0,0.0,1.0,0.0,Margarita Lopez Torres RECAP,1.0
57057,57057,99.00,190,0,190,190,0,1.0,0.0,1.0,0.0,Margarita Lopez Torres RECAP,1.0
57058,57058,99.00,254,0,254,254,0,1.0,0.0,1.0,0.0,Margarita Lopez Torres RECAP,1.0
57059,57059,99.00,350,0,350,350,0,1.0,0.0,1.0,0.0,Margarita Lopez Torres RECAP,1.0
57060,57060,99.00,383,4,387,383,4,0.9896640826873385,0.0103359173126615,0.9896640826873385,0.0103359173126615,Margarita Lopez Torres RECAP,0.9896640826873385
57061,57061,0.00,36,0,36,36,0,1.0,0.0,1.0,0.0,Margarita Lopez Torres RECAP,1.0
57062,57062,0.00,14,0,14,14,0,1.0,0.0,1.0,0.0,Margarita Lopez Torres RECAP,1.0
57063,57063,99.00,19,0,19,19,0,1.0,0.0,1.0,0.0,Margarita Lopez Torres RECAP,1.0
57064,57064,99.00,433,1,434,433,1,0.9976958525345622,0.002304147465437788,0.9976958525345622,0.002304147465437788,Margarita Lopez Torres RECAP,0.9976958525345622
57065,57065,99.00,23,0,23,23,0,1.0,0.0,1.0,0.0,Margarita Lopez Torres RECAP,1.0
57066,57066,99.00,11,0,11,11,0,1.0,0.0,1.0,0.0,Margarita Lopez Torres RECAP,1.0
57067,57067,99.00,373,2,375,373,2,0.9946666666666667,0.005333333333333333,0.9946666666666667,0.005333333333333333,Margarita Lopez Torres RECAP,0.9946666666666667
57068,57068,99.00,260,0,260,260,0,1.0,0.0,1.0,0.0,Margarita Lopez Torres RECAP,1.0
57069,57069,99.00,283,1,284,283,1,0.9964788732394366,0.0035211267605633804,0.9964788732394366,0.0035211267605633804,Margarita Lopez Torres RECAP,0.9964788732394366
57070,57070,99.00,291,0,291,291,0,1.0,0.0,1.0,0.0,Margarita Lopez Torres RECAP,1.0
57071,57071,99.00,17,0,17,17,0,1.0,0.0,1.0,0.0,Margarita Lopez Torres RECAP,1.0
57072,57072,99.00,227,0,227,227,0,1.0,0.0,1.0,0.0,Margarita Lopez Torres RECAP,1.0
57073,57073,99.00,20,0,20,20,0,1.0,0.0,1.0,0.0,Margarita Lopez Torres RECAP,1.0
57074,57074,99.00,241,3,244,241,3,0.9877049180327869,0.012295081967213115,0.9877049180327869,0.012295081967213115,Margarita Lopez Torres RECAP,0.9877049180327869
57075,57075,99.00,334,3,337,334,3,0.9910979228486647,0.008902077151335312,0.9910979228486647,0.008902077151335312,Margarita Lopez Torres RECAP,0.9910979228486647
57076,57076,99.00,534,3,537,534,3,0.994413407821229,0.00558659217877095,0.994413407821229,0.00558659217877095,Margarita Lopez Torres RECAP,0.994413407821229
57077,57077,99.00,114,1,115,114,1,0.991304347826087,0.008695652173913044,0.991304347826087,0.008695652173913044,Margarita Lopez Torres RECAP,0.991304347826087
57078,57078,99.00,13,0,13,13,0,1.0,0.0,1.0,0.0,Margarita Lopez Torres RECAP,1.0
57079,57079,99.00,15,0,15,15,0,1.0,0.0,1.0,0.0,Margarita Lopez Torres RECAP,1.0
57080,57080,99.00,410,6,416,410,6,0.9855769230769231,0.014423076923076924,0.9855769230769231,0.014423076923076924,Margarita Lopez Torres RECAP,0.9855769230769231
57081,57081,99.00,379,1,380,379,1,0.9973684210526316,0.002631578947368421,0.9973684210526316,0.002631578947368421,Margarita Lopez Torres RECAP,0.9973684210526316
57082,57082,99.00,14,0,14,14,0,1.0,0.0,1.0,0.0,Margarita Lopez Torres RECAP,1.0
57083,57083,99.00,158,0,158,158,0,1.0,0.0,1.0,0.0,Margarita Lopez Torres RECAP,1.0
57084,57084,99.00,344,0,344,344,0,1.0,0.0,1.0,0.0,Margarita Lopez Torres RECAP,1.0
57085,57085,30.00,295,1,296,295,1,0.9966216216216216,0.0033783783783783786,0.9966216216216216,0.0033783783783783786,Margarita Lopez Torres RECAP,0.9966216216216216
57086,57086,99.00,12,0,12,12,0,1.0,0.0,1.0,0.0,Margarita Lopez Torres RECAP,1.0
57087,57087,30.00,357,2,359,357,2,0.9944289693593314,0.005571030640668524,0.9944289693593314,0.005571030640668524,Margarita Lopez Torres RECAP,0.9944289693593314
57088,57088,30.00,21,0,21,21,0,1.0,0.0,1.0,0.0,Margarita Lopez Torres RECAP,1.0
57089,57089,99.00,25,0,25,25,0,1.0,0.0,1.0,0.0,Margarita Lopez Torres RECAP,1.0
57090,57090,99.00,259,1,260,259,1,0.9961538461538462,0.0038461538461538464,0.9961538461538462,0.0038461538461538464,Margarita Lopez Torres RECAP,0.9961538461538462
57091,57091,99.00,285,2,287,285,2,0.9930313588850174,0.006968641114982578,0.9930313588850174,0.006968641114982578,Margarita Lopez Torres RECAP,0.9930313588850174
57092,57092,99.00,186,0,186,186,0,1.0,0.0,1.0,0.0,Margarita Lopez Torres RECAP,1.0
57093,57093,99.00,157,0,157,157,0,1.0,0.0,1.0,0.0,Margarita Lopez Torres RECAP,1.0
57094,57094,99.00,2,0,2,2,0,1.0,0.0,1.0,0.0,Margarita Lopez Torres RECAP,1.0
57095,57095,99.00,10,0,10,10,0,1.0,0.0,1.0,0.0,Margarita Lopez Torres RECAP,1.0
57096,57096,30.00,33,0,33,33,0,1.0,0.0,1.0,0.0,Margarita Lopez Torres RECAP,1.0
57097,57097,99.00,1,0,1,1,0,1.0,0.0,1.0,0.0,Margarita Lopez Torres RECAP,1.0
57098,57098,99.00,6,0,6,6,0,1.0,0.0,1.0,0.0,Margarita Lopez Torres RECAP,1.0
57099,57099,99.00,150,1,151,150,1,0.9933774834437086,0.006622516556291391,0.9933774834437086,0.006622516556291391,Margarita Lopez Torres RECAP,0.9933774834437086
57100,57100,99.00,7,0,7,7,0,1.0,0.0,1.0,0.0,Margarita Lopez Torres RECAP,1.0
57101,57101,99.00,357,3,360,357,3,0.9916666666666667,0.008333333333333333,0.9916666666666667,0.008333333333333333,Margarita Lopez Torres RECAP,0.9916666666666667
57102,57102,99.00,220,0,220,220,0,1.0,0.0,1.0,0.0,Margarita Lopez Torres RECAP,1.0
57103,57103,0.00,24,0,24,24,0,1.0,0.0,1.0,0.0,Margarita Lopez Torres RECAP,1.0
57104,57104,99.00,284,2,286,284,2,0.993006993006993,0.006993006993006993,0.993006993006993,0.006993006993006993,Margarita Lopez Torres RECAP,0.993006993006993
57105,57105,99.00,18,0,18,18,0,1.0,0.0,1.0,0.0,Margarita Lopez Torres RECAP,1.0
57106,57106,99.00,0,0,0,0,0,0,0,0,0,n/a,0
58001,58001,99.00,109,0,109,109,0,1.0,0.0,1.0,0.0,Margarita Lopez Torres RECAP,1.0
58002,58002,99.00,280,0,280,280,0,1.0,0.0,1.0,0.0,Margarita Lopez Torres RECAP,1.0
58003,58003,99.00,2,0,2,2,0,1.0,0.0,1.0,0.0,Margarita Lopez Torres RECAP,1.0
58004,58004,75.00,197,0,197,197,0,1.0,0.0,1.0,0.0,Margarita Lopez Torres RECAP,1.0
58005,58005,75.00,192,0,192,192,0,1.0,0.0,1.0,0.0,Margarita Lopez Torres RECAP,1.0
58006,58006,75.00,1,0,1,1,0,1.0,0.0,1.0,0.0,Margarita Lopez Torres RECAP,1.0
58007,58007,75.00,1,0,1,1,0,1.0,0.0,1.0,0.0,Margarita Lopez Torres RECAP,1.0
58008,58008,99.00,212,0,212,212,0,1.0,0.0,1.0,0.0,Margarita Lopez Torres RECAP,1.0
58009,58009,99.00,184,0,184,184,0,1.0,0.0,1.0,0.0,Margarita Lopez Torres RECAP,1.0
58010,58010,99.00,5,0,5,5,0,1.0,0.0,1.0,0.0,Margarita Lopez Torres RECAP,1.0
58011,58011,99.00,247,0,247,247,0,1.0,0.0,1.0,0.0,Margarita Lopez Torres RECAP,1.0
58012,58012,99.00,175,0,175,175,0,1.0,0.0,1.0,0.0,Margarita Lopez Torres RECAP,1.0
58013,58013,99.00,6,0,6,6,0,1.0,0.0,1.0,0.0,Margarita Lopez Torres RECAP,1.0
58014,58014,99.00,3,0,3,3,0,1.0,0.0,1.0,0.0,Margarita Lopez Torres RECAP,1.0
58015,58015,99.00,203,0,203,203,0,1.0,0.0,1.0,0.0,Margarita Lopez Torres RECAP,1.0
58016,58016,99.00,90,0,90,90,0,1.0,0.0,1.0,0.0,Margarita Lopez Torres RECAP,1.0
58017,58017,99.00,6,0,6,6,0,1.0,0.0,1.0,0.0,Margarita Lopez Torres RECAP,1.0
58018,58018,99.00,140,1,141,140,1,0.9929078014184397,0.0070921985815602835,0.9929078014184397,0.0070921985815602835,Margarita Lopez Torres RECAP,0.9929078014184397
58019,58019,99.00,214,0,214,214,0,1.0,0.0,1.0,0.0,Margarita Lopez Torres RECAP,1.0
58020,58020,99.00,259,2,261,259,2,0.9923371647509579,0.007662835249042145,0.9923371647509579,0.007662835249042145,Margarita Lopez Torres RECAP,0.9923371647509579
58021,58021,99.00,168,1,169,168,1,0.9940828402366864,0.005917159763313609,0.9940828402366864,0.005917159763313609,Margarita Lopez Torres RECAP,0.9940828402366864
58022,58022,99.00,3,0,3,3,0,1.0,0.0,1.0,0.0,Margarita Lopez Torres RECAP,1.0
58023,58023,0.00,9,0,9,9,0,1.0,0.0,1.0,0.0,Margarita Lopez Torres RECAP,1.0
58024,58024,99.00,9,0,9,9,0,1.0,0.0,1.0,0.0,Margarita Lopez Torres RECAP,1.0
58025,58025,99.00,194,0,194,194,0,1.0,0.0,1.0,0.0,Margarita Lopez Torres RECAP,1.0
58026,58026,99.00,285,0,285,285,0,1.0,0.0,1.0,0.0,Margarita Lopez Torres RECAP,1.0
58027,58027,99.00,153,2,155,153,2,0.9870967741935484,0.012903225806451613,0.9870967741935484,0.012903225806451613,Margarita Lopez Torres RECAP,0.9870967741935484
58028,58028,99.00,242,0,242,242,0,1.0,0.0,1.0,0.0,Margarita Lopez Torres RECAP,1.0
58029,58029,99.00,9,0,9,9,0,1.0,0.0,1.0,0.0,Margarita Lopez Torres RECAP,1.0
58030,58030,99.00,151,2,153,151,2,0.9869281045751634,0.013071895424836602,0.9869281045751634,0.013071895424836602,Margarita Lopez Torres RECAP,0.9869281045751634
58031,58031,99.00,300,0,300,300,0,1.0,0.0,1.0,0.0,Margarita Lopez Torres RECAP,1.0
58032,58032,99.00,2,0,2,2,0,1.0,0.0,1.0,0.0,Margarita Lopez Torres RECAP,1.0
58033,58033,0.00,11,0,11,11,0,1.0,0.0,1.0,0.0,Margarita Lopez Torres RECAP,1.0
58034,58034,0.00,8,0,8,8,0,1.0,0.0,1.0,0.0,Margarita Lopez Torres RECAP,1.0
58035,58035,0.00,2,0,2,2,0,1.0,0.0,1.0,0.0,Margarita Lopez Torres RECAP,1.0
58036,58036,99.00,6,0,6,6,0,1.0,0.0,1.0,0.0,Margarita Lopez Torres RECAP,1.0
58037,58037,99.00,11,0,11,11,0,1.0,0.0,1.0,0.0,Margarita Lopez Torres RECAP,1.0
58038,58038,99.00,242,2,244,242,2,0.9918032786885246,0.00819672131147541,0.9918032786885246,0.00819672131147541,Margarita Lopez Torres RECAP,0.9918032786885246
58039,58039,37.50,252,0,252,252,0,1.0,0.0,1.0,0.0,Margarita Lopez Torres RECAP,1.0
58040,58040,99.00,2,0,2,2,0,1.0,0.0,1.0,0.0,Margarita Lopez Torres RECAP,1.0
58041,58041,37.50,176,0,176,176,0,1.0,0.0,1.0,0.0,Margarita Lopez Torres RECAP,1.0
58042,58042,37.50,11,0,11,11,0,1.0,0.0,1.0,0.0,Margarita Lopez Torres RECAP,1.0
58043,58043,99.00,278,0,278,278,0,1.0,0.0,1.0,0.0,Margarita Lopez Torres RECAP,1.0
58044,58044,99.00,3,0,3,3,0,1.0,0.0,1.0,0.0,Margarita Lopez Torres RECAP,1.0
58045,58045,99.00,202,0,202,202,0,1.0,0.0,1.0,0.0,Margarita Lopez Torres RECAP,1.0
58046,58046,99.00,289,0,289,289,0,1.0,0.0,1.0,0.0,Margarita Lopez Torres RECAP,1.0
58047,58047,0.00,6,0,6,6,0,1.0,0.0,1.0,0.0,Margarita Lopez Torres RECAP,1.0
58048,58048,0.00,4,0,4,4,0,1.0,0.0,1.0,0.0,Margarita Lopez Torres RECAP,1.0
58049,58049,37.50,28,0,28,28,0,1.0,0.0,1.0,0.0,Margarita Lopez Torres RECAP,1.0
58050,58050,99.00,5,0,5,5,0,1.0,0.0,1.0,0.0,Margarita Lopez Torres RECAP,1.0
58051,58051,99.00,104,0,104,104,0,1.0,0.0,1.0,0.0,Margarita Lopez Torres RECAP,1.0
58052,58052,99.00,143,0,143,143,0,1.0,0.0,1.0,0.0,Margarita Lopez Torres RECAP,1.0
58053,58053,99.00,3,0,3,3,0,1.0,0.0,1.0,0.0,Margarita Lopez Torres RECAP,1.0
58054,58054,99.00,220,2,222,220,2,0.990990990990991,0.009009009009009009,0.990990990990991,0.009009009009009009,Margarita Lopez Torres RECAP,0.990990990990991
58055,58055,99.00,227,1,228,227,1,0.9956140350877193,0.0043859649122807015,0.9956140350877193,0.0043859649122807015,Margarita Lopez Torres RECAP,0.9956140350877193
58056,58056,99.00,3,0,3,3,0,1.0,0.0,1.0,0.0,Margarita Lopez Torres RECAP,1.0
58057,58057,50.00,136,0,136,136,0,1.0,0.0,1.0,0.0,Margarita Lopez Torres RECAP,1.0
58058,58058,99.00,11,0,11,11,0,1.0,0.0,1.0,0.0,Margarita Lopez Torres RECAP,1.0
58059,58059,99.00,216,0,216,216,0,1.0,0.0,1.0,0.0,Margarita Lopez Torres RECAP,1.0
58060,58060,99.00,6,0,6,6,0,1.0,0.0,1.0,0.0,Margarita Lopez Torres RECAP,1.0
58061,58061,99.00,176,0,176,176,0,1.0,0.0,1.0,0.0,Margarita Lopez Torres RECAP,1.0
58062,58062,99.00,214,0,214,214,0,1.0,0.0,1.0,0.0,Margarita Lopez Torres RECAP,1.0
58063,58063,99.00,0,0,0,0,0,0,0,0,0,n/a,0
58064,58064,99.00,181,0,181,181,0,1.0,0.0,1.0,0.0,Margarita Lopez Torres RECAP,1.0
58065,58065,99.00,247,0,247,247,0,1.0,0.0,1.0,0.0,Margarita Lopez Torres RECAP,1.0
58066,58066,99.00,128,0,128,128,0,1.0,0.0,1.0,0.0,Margarita Lopez Torres RECAP,1.0
58067,58067,99.00,245,0,245,245,0,1.0,0.0,1.0,0.0,Margarita Lopez Torres RECAP,1.0
58068,58068,99.00,213,0,213,213,0,1.0,0.0,1.0,0.0,Margarita Lopez Torres RECAP,1.0
58069,58069,99.00,0,0,0,0,0,0,0,0,0,n/a,0
58070,58070,99.00,123,0,123,123,0,1.0,0.0,1.0,0.0,Margarita Lopez Torres RECAP,1.0
58071,58071,99.00,135,0,135,135,0,1.0,0.0,1.0,0.0,Margarita Lopez Torres RECAP,1.0
58072,58072,99.00,65,0,65,65,0,1.0,0.0,1.0,0.0,Margarita Lopez Torres RECAP,1.0
58073,58073,99.00,47,0,47,47,0,1.0,0.0,1.0,0.0,Margarita Lopez Torres RECAP,1.0
58074,58074,99.00,6,0,6,6,0,1.0,0.0,1.0,0.0,Margarita Lopez Torres RECAP,1.0
58075,58075,99.00,141,0,141,141,0,1.0,0.0,1.0,0.0,Margarita Lopez Torres RECAP,1.0
58076,58076,99.00,133,0,133,133,0,1.0,0.0,1.0,0.0,Margarita Lopez Torres RECAP,1.0
58077,58077,99.00,160,1,161,160,1,0.9937888198757764,0.006211180124223602,0.9937888198757764,0.006211180124223602,Margarita Lopez Torres RECAP,0.9937888198757764
58078,58078,99.00,279,0,279,279,0,1.0,0.0,1.0,0.0,Margarita Lopez Torres RECAP,1.0
58079,58079,99.00,164,0,164,164,0,1.0,0.0,1.0,0.0,Margarita Lopez Torres RECAP,1.0
58080,58080,99.00,253,0,253,253,0,1.0,0.0,1.0,0.0,Margarita Lopez Torres RECAP,1.0
58081,58081,99.00,6,0,6,6,0,1.0,0.0,1.0,0.0,Margarita Lopez Torres RECAP,1.0
58082,58082,99.00,9,0,9,9,0,1.0,0.0,1.0,0.0,Margarita Lopez Torres RECAP,1.0
58083,58083,99.00,7,0,7,7,0,1.0,0.0,1.0,0.0,Margarita Lopez Torres RECAP,1.0
58084,58084,75.00,125,0,125,125,0,1.0,0.0,1.0,0.0,Margarita Lopez Torres RECAP,1.0
58085,58085,99.00,2,0,2,2,0,1.0,0.0,1.0,0.0,Margarita Lopez Torres RECAP,1.0
58086,58086,0.00,11,0,11,11,0,1.0,0.0,1.0,0.0,Margarita Lopez Torres RECAP,1.0
59001,59001,99.00,3,0,3,3,0,1.0,0.0,1.0,0.0,Margarita Lopez Torres RECAP,1.0
59002,59002,99.00,2,0,2,2,0,1.0,0.0,1.0,0.0,Margarita Lopez Torres RECAP,1.0
59003,59003,99.00,143,0,143,143,0,1.0,0.0,1.0,0.0,Margarita Lopez Torres RECAP,1.0
59004,59004,99.00,182,0,182,182,0,1.0,0.0,1.0,0.0,Margarita Lopez Torres RECAP,1.0
59005,59005,50.00,142,1,143,142,1,0.993006993006993,0.006993006993006993,0.993006993006993,0.006993006993006993,Margarita Lopez Torres RECAP,0.993006993006993
59006,59006,50.00,190,0,190,190,0,1.0,0.0,1.0,0.0,Margarita Lopez Torres RECAP,1.0
59007,59007,99.00,15,0,15,15,0,1.0,0.0,1.0,0.0,Margarita Lopez Torres RECAP,1.0
59008,59008,99.00,244,0,244,244,0,1.0,0.0,1.0,0.0,Margarita Lopez Torres RECAP,1.0
59009,59009,99.00,5,0,5,5,0,1.0,0.0,1.0,0.0,Margarita Lopez Torres RECAP,1.0
59010,59010,99.00,168,1,169,168,1,0.9940828402366864,0.005917159763313609,0.9940828402366864,0.005917159763313609,Margarita Lopez Torres RECAP,0.9940828402366864
59011,59011,99.00,176,1,177,176,1,0.9943502824858758,0.005649717514124294,0.9943502824858758,0.005649717514124294,Margarita Lopez Torres RECAP,0.9943502824858758
59012,59012,99.00,204,0,204,204,0,1.0,0.0,1.0,0.0,Margarita Lopez Torres RECAP,1.0
59013,59013,50.00,137,0,137,137,0,1.0,0.0,1.0,0.0,Margarita Lopez Torres RECAP,1.0
59014,59014,50.00,153,0,153,153,0,1.0,0.0,1.0,0.0,Margarita Lopez Torres RECAP,1.0
59015,59015,50.00,128,0,128,128,0,1.0,0.0,1.0,0.0,Margarita Lopez Torres RECAP,1.0
59016,59016,99.00,335,0,335,335,0,1.0,0.0,1.0,0.0,Margarita Lopez Torres RECAP,1.0
59017,59017,99.00,142,0,142,142,0,1.0,0.0,1.0,0.0,Margarita Lopez Torres RECAP,1.0
59018,59018,99.00,242,0,242,242,0,1.0,0.0,1.0,0.0,Margarita Lopez Torres RECAP,1.0
59019,59019,99.00,2,1,3,2,1,0.6666666666666666,0.3333333333333333,0.6666666666666666,0.3333333333333333,Margarita Lopez Torres RECAP,0.6666666666666666
59020,59020,99.00,211,4,215,211,4,0.9813953488372092,0.018604651162790697,0.9813953488372092,0.018604651162790697,Margarita Lopez Torres RECAP,0.9813953488372092
59021,59021,99.00,151,0,151,151,0,1.0,0.0,1.0,0.0,Margarita Lopez Torres RECAP,1.0
59022,59022,99.00,162,2,164,162,2,0.9878048780487805,0.012195121951219513,0.9878048780487805,0.012195121951219513,Margarita Lopez Torres RECAP,0.9878048780487805
59023,59023,99.00,135,2,137,135,2,0.9854014598540146,0.014598540145985401,0.9854014598540146,0.014598540145985401,Margarita Lopez Torres RECAP,0.9854014598540146
59024,59024,99.00,117,0,117,117,0,1.0,0.0,1.0,0.0,Margarita Lopez Torres RECAP,1.0
59025,59025,50.00,254,0,254,254,0,1.0,0.0,1.0,0.0,Margarita Lopez Torres RECAP,1.0
59026,59026,99.00,142,2,144,142,2,0.9861111111111112,0.013888888888888888,0.9861111111111112,0.013888888888888888,Margarita Lopez Torres RECAP,0.9861111111111112
59027,59027,99.00,257,0,257,257,0,1.0,0.0,1.0,0.0,Margarita Lopez Torres RECAP,1.0
59028,59028,99.00,257,0,257,257,0,1.0,0.0,1.0,0.0,Margarita Lopez Torres RECAP,1.0
59029,59029,99.00,124,2,126,124,2,0.9841269841269841,0.015873015873015872,0.9841269841269841,0.015873015873015872,Margarita Lopez Torres RECAP,0.9841269841269841
59030,59030,99.00,6,0,6,6,0,1.0,0.0,1.0,0.0,Margarita Lopez Torres RECAP,1.0
59031,59031,99.00,7,0,7,7,0,1.0,0.0,1.0,0.0,Margarita Lopez Torres RECAP,1.0
59032,59032,99.00,4,0,4,4,0,1.0,0.0,1.0,0.0,Margarita Lopez Torres RECAP,1.0
59033,59033,99.00,179,5,184,179,5,0.9728260869565217,0.02717391304347826,0.9728260869565217,0.02717391304347826,Margarita Lopez Torres RECAP,0.9728260869565217
59034,59034,99.00,3,0,3,3,0,1.0,0.0,1.0,0.0,Margarita Lopez Torres RECAP,1.0
59035,59035,99.00,131,2,133,131,2,0.9849624060150376,0.015037593984962405,0.9849624060150376,0.015037593984962405,Margarita Lopez Torres RECAP,0.9849624060150376
59036,59036,99.00,110,4,114,110,4,0.9649122807017544,0.03508771929824561,0.9649122807017544,0.03508771929824561,Margarita Lopez Torres RECAP,0.9649122807017544
59037,59037,99.00,104,1,105,104,1,0.9904761904761905,0.009523809523809525,0.9904761904761905,0.009523809523809525,Margarita Lopez Torres RECAP,0.9904761904761905
59038,59038,99.00,119,7,126,119,7,0.9444444444444444,0.05555555555555555,0.9444444444444444,0.05555555555555555,Margarita Lopez Torres RECAP,0.9444444444444444
59039,59039,99.00,128,6,134,128,6,0.9552238805970149,0.04477611940298507,0.9552238805970149,0.04477611940298507,Margarita Lopez Torres RECAP,0.9552238805970149
59040,59040,99.00,119,9,128,119,9,0.9296875,0.0703125,0.9296875,0.0703125,Margarita Lopez Torres RECAP,0.9296875
59041,59041,99.00,242,0,242,242,0,1.0,0.0,1.0,0.0,Margarita Lopez Torres RECAP,1.0
59042,59042,99.00,141,6,147,141,6,0.9591836734693877,0.04081632653061224,0.9591836734693877,0.04081632653061224,Margarita Lopez Torres RECAP,0.9591836734693877
59043,59043,99.00,2,0,2,2,0,1.0,0.0,1.0,0.0,Margarita Lopez Torres RECAP,1.0
59044,59044,99.00,153,5,158,153,5,0.9683544303797469,0.03164556962025317,0.9683544303797469,0.03164556962025317,Margarita Lopez Torres RECAP,0.9683544303797469
59045,59045,99.00,5,0,5,5,0,1.0,0.0,1.0,0.0,Margarita Lopez Torres RECAP,1.0
59046,59046,99.00,0,0,0,0,0,0,0,0,0,n/a,0
59047,59047,99.00,14,1,15,14,1,0.9333333333333333,0.06666666666666667,0.9333333333333333,0.06666666666666667,Margarita Lopez Torres RECAP,0.9333333333333333
59048,59048,99.00,1,0,1,1,0,1.0,0.0,1.0,0.0,Margarita Lopez Torres RECAP,1.0
59049,59049,99.00,6,0,6,6,0,1.0,0.0,1.0,0.0,Margarita Lopez Torres RECAP,1.0
59050,59050,99.00,132,0,132,132,0,1.0,0.0,1.0,0.0,Margarita Lopez Torres RECAP,1.0
59051,59051,99.00,104,3,107,104,3,0.9719626168224299,0.028037383177570093,0.9719626168224299,0.028037383177570093,Margarita Lopez Torres RECAP,0.9719626168224299
59052,59052,99.00,70,1,71,70,1,0.9859154929577465,0.014084507042253521,0.9859154929577465,0.014084507042253521,Margarita Lopez Torres RECAP,0.9859154929577465
59053,59053,99.00,45,2,47,45,2,0.9574468085106383,0.0425531914893617,0.9574468085106383,0.0425531914893617,Margarita Lopez Torres RECAP,0.9574468085106383
59054,59054,99.00,79,1,80,79,1,0.9875,0.0125,0.9875,0.0125,Margarita Lopez Torres RECAP,0.9875
59055,59055,99.00,157,3,160,157,3,0.98125,0.01875,0.98125,0.01875,Margarita Lopez Torres RECAP,0.98125
59056,59056,99.00,116,1,117,116,1,0.9914529914529915,0.008547008547008548,0.9914529914529915,0.008547008547008548,Margarita Lopez Torres RECAP,0.9914529914529915
59057,59057,99.00,152,1,153,152,1,0.9934640522875817,0.006535947712418301,0.9934640522875817,0.006535947712418301,Margarita Lopez Torres RECAP,0.9934640522875817
59058,59058,99.00,72,2,74,72,2,0.972972972972973,0.02702702702702703,0.972972972972973,0.02702702702702703,Margarita Lopez Torres RECAP,0.972972972972973
59059,59059,99.00,75,2,77,75,2,0.974025974025974,0.025974025974025976,0.974025974025974,0.025974025974025976,Margarita Lopez Torres RECAP,0.974025974025974
59060,59060,99.00,4,0,4,4,0,1.0,0.0,1.0,0.0,Margarita Lopez Torres RECAP,1.0
59061,59061,99.00,111,4,115,111,4,0.9652173913043478,0.034782608695652174,0.9652173913043478,0.034782608695652174,Margarita Lopez Torres RECAP,0.9652173913043478
59062,59062,99.00,2,0,2,2,0,1.0,0.0,1.0,0.0,Margarita Lopez Torres RECAP,1.0
59063,59063,99.00,196,2,198,196,2,0.98989898989899,0.010101010101010102,0.98989898989899,0.010101010101010102,Margarita Lopez Torres RECAP,0.98989898989899
59064,59064,99.00,15,0,15,15,0,1.0,0.0,1.0,0.0,Margarita Lopez Torres RECAP,1.0
59065,59065,99.00,19,1,20,19,1,0.95,0.05,0.95,0.05,Margarita Lopez Torres RECAP,0.95
59066,59066,99.00,277,0,277,277,0,1.0,0.0,1.0,0.0,Margarita Lopez Torres RECAP,1.0
59067,59067,85.71,16,0,16,16,0,1.0,0.0,1.0,0.0,Margarita Lopez Torres RECAP,1.0
59068,59068,85.71,7,0,7,7,0,1.0,0.0,1.0,0.0,Margarita Lopez Torres RECAP,1.0
59069,59069,85.71,10,0,10,10,0,1.0,0.0,1.0,0.0,Margarita Lopez Torres RECAP,1.0
59070,59070,85.71,193,1,194,193,1,0.9948453608247423,0.005154639175257732,0.9948453608247423,0.005154639175257732,Margarita Lopez Torres RECAP,0.9948453608247423
59071,59071,99.00,222,0,222,222,0,1.0,0.0,1.0,0.0,Margarita Lopez Torres RECAP,1.0
59072,59072,99.00,288,1,289,288,1,0.9965397923875432,0.0034602076124567475,0.9965397923875432,0.0034602076124567475,Margarita Lopez Torres RECAP,0.9965397923875432
59073,59073,85.71,216,0,216,216,0,1.0,0.0,1.0,0.0,Margarita Lopez Torres RECAP,1.0
59074,59074,85.71,119,0,119,119,0,1.0,0.0,1.0,0.0,Margarita Lopez Torres RECAP,1.0
59075,59075,85.71,238,2,240,238,2,0.9916666666666667,0.008333333333333333,0.9916666666666667,0.008333333333333333,Margarita Lopez Torres RECAP,0.9916666666666667
59076,59076,99.00,9,0,9,9,0,1.0,0.0,1.0,0.0,Margarita Lopez Torres RECAP,1.0
59077,59077,99.00,9,0,9,9,0,1.0,0.0,1.0,0.0,Margarita Lopez Torres RECAP,1.0
59078,59078,99.00,4,0,4,4,0,1.0,0.0,1.0,0.0,Margarita Lopez Torres RECAP,1.0
59079,59079,99.00,13,0,13,13,0,1.0,0.0,1.0,0.0,Margarita Lopez Torres RECAP,1.0
59080,59080,99.00,7,0,7,7,0,1.0,0.0,1.0,0.0,Margarita Lopez Torres RECAP,1.0
59081,59081,85.71,7,0,7,7,0,1.0,0.0,1.0,0.0,Margarita Lopez Torres RECAP,1.0
59082,59082,99.00,8,0,8,8,0,1.0,0.0,1.0,0.0,Margarita Lopez Torres RECAP,1.0
59083,59083,99.00,92,2,94,92,2,0.9787234042553191,0.02127659574468085,0.9787234042553191,0.02127659574468085,Margarita Lopez Torres RECAP,0.9787234042553191
59084,59084,85.71,212,0,212,212,0,1.0,0.0,1.0,0.0,Margarita Lopez Torres RECAP,1.0
59085,59085,50.00,24,0,24,24,0,1.0,0.0,1.0,0.0,Margarita Lopez Torres RECAP,1.0
59086,59086,99.00,0,0,0,0,0,0,0,0,0,n/a,0
59087,59087,99.00,0,0,0,0,0,0,0,0,0,n/a,0
59088,59088,99.00,0,0,0,0,0,0,0,0,0,n/a,0
59089,59089,99.00,0,0,0,0,0,0,0,0,0,n/a,0
59090,59090,99.00,0,0,0,0,0,0,0,0,0,n/a,0
60001,60001,99.00,99,1,100,99,1,0.99,0.01,0.99,0.01,Margarita Lopez Torres RECAP,0.99
60002,60002,99.00,176,0,176,176,0,1.0,0.0,1.0,0.0,Margarita Lopez Torres RECAP,1.0
60003,60003,99.00,112,0,112,112,0,1.0,0.0,1.0,0.0,Margarita Lopez Torres RECAP,1.0
60004,60004,99.00,3,1,4,3,1,0.75,0.25,0.75,0.25,Margarita Lopez Torres RECAP,0.75
60005,60005,99.00,251,0,251,251,0,1.0,0.0,1.0,0.0,Margarita Lopez Torres RECAP,1.0
60006,60006,99.00,40,0,40,40,0,1.0,0.0,1.0,0.0,Margarita Lopez Torres RECAP,1.0
60007,60007,99.00,158,0,158,158,0,1.0,0.0,1.0,0.0,Margarita Lopez Torres RECAP,1.0
60008,60008,99.00,153,0,153,153,0,1.0,0.0,1.0,0.0,Margarita Lopez Torres RECAP,1.0
60009,60009,99.00,154,0,154,154,0,1.0,0.0,1.0,0.0,Margarita Lopez Torres RECAP,1.0
60010,60010,99.00,113,0,113,113,0,1.0,0.0,1.0,0.0,Margarita Lopez Torres RECAP,1.0
60011,60011,99.00,0,0,0,0,0,0,0,0,0,n/a,0
60012,60012,99.00,5,0,5,5,0,1.0,0.0,1.0,0.0,Margarita Lopez Torres RECAP,1.0
60013,60013,99.00,151,1,152,151,1,0.993421052631579,0.006578947368421052,0.993421052631579,0.006578947368421052,Margarita Lopez Torres RECAP,0.993421052631579
60014,60014,99.00,211,1,212,211,1,0.9952830188679245,0.0047169811320754715,0.9952830188679245,0.0047169811320754715,Margarita Lopez Torres RECAP,0.9952830188679245
60015,60015,66.67,86,0,86,86,0,1.0,0.0,1.0,0.0,Margarita Lopez Torres RECAP,1.0
60016,60016,99.00,0,0,0,0,0,0,0,0,0,n/a,0
60017,60017,99.00,241,0,241,241,0,1.0,0.0,1.0,0.0,Margarita Lopez Torres RECAP,1.0
60018,60018,66.67,2,0,2,2,0,1.0,0.0,1.0,0.0,Margarita Lopez Torres RECAP,1.0
60019,60019,66.67,1,0,1,1,0,1.0,0.0,1.0,0.0,Margarita Lopez Torres RECAP,1.0
60020,60020,99.00,0,0,0,0,0,0,0,0,0,n/a,0
60021,60021,99.00,83,0,83,83,0,1.0,0.0,1.0,0.0,Margarita Lopez Torres RECAP,1.0
60022,60022,99.00,77,0,77,77,0,1.0,0.0,1.0,0.0,Margarita Lopez Torres RECAP,1.0
60023,60023,99.00,1,0,1,1,0,1.0,0.0,1.0,0.0,Margarita Lopez Torres RECAP,1.0
60024,60024,99.00,68,0,68,68,0,1.0,0.0,1.0,0.0,Margarita Lopez Torres RECAP,1.0
60025,60025,99.00,0,0,0,0,0,0,0,0,0,n/a,0
60026,60026,99.00,195,0,195,195,0,1.0,0.0,1.0,0.0,Margarita Lopez Torres RECAP,1.0
60027,60027,99.00,240,1,241,240,1,0.995850622406639,0.004149377593360996,0.995850622406639,0.004149377593360996,Margarita Lopez Torres RECAP,0.995850622406639
60028,60028,99.00,263,0,263,263,0,1.0,0.0,1.0,0.0,Margarita Lopez Torres RECAP,1.0
60029,60029,99.00,108,0,108,108,0,1.0,0.0,1.0,0.0,Margarita Lopez Torres RECAP,1.0
60030,60030,99.00,5,0,5,5,0,1.0,0.0,1.0,0.0,Margarita Lopez Torres RECAP,1.0
60031,60031,66.67,83,0,83,83,0,1.0,0.0,1.0,0.0,Margarita Lopez Torres RECAP,1.0
60032,60032,99.00,112,2,114,112,2,0.9824561403508771,0.017543859649122806,0.9824561403508771,0.017543859649122806,Margarita Lopez Torres RECAP,0.9824561403508771
60033,60033,99.00,236,1,237,236,1,0.9957805907172996,0.004219409282700422,0.9957805907172996,0.004219409282700422,Margarita Lopez Torres RECAP,0.9957805907172996
60034,60034,99.00,124,0,124,124,0,1.0,0.0,1.0,0.0,Margarita Lopez Torres RECAP,1.0
60035,60035,99.00,4,0,4,4,0,1.0,0.0,1.0,0.0,Margarita Lopez Torres RECAP,1.0
60036,60036,99.00,129,0,129,129,0,1.0,0.0,1.0,0.0,Margarita Lopez Torres RECAP,1.0
60037,60037,99.00,5,0,5,5,0,1.0,0.0,1.0,0.0,Margarita Lopez Torres RECAP,1.0
60038,60038,99.00,9,1,10,9,1,0.9,0.1,0.9,0.1,Margarita Lopez Torres RECAP,0.9
60039,60039,66.67,77,0,77,77,0,1.0,0.0,1.0,0.0,Margarita Lopez Torres RECAP,1.0
60040,60040,66.67,89,0,89,89,0,1.0,0.0,1.0,0.0,Margarita Lopez Torres RECAP,1.0
60041,60041,66.67,107,0,107,107,0,1.0,0.0,1.0,0.0,Margarita Lopez Torres RECAP,1.0
60042,60042,99.00,136,1,137,136,1,0.9927007299270073,0.0072992700729927005,0.9927007299270073,0.0072992700729927005,Margarita Lopez Torres RECAP,0.9927007299270073
60043,60043,99.00,128,0,128,128,0,1.0,0.0,1.0,0.0,Margarita Lopez Torres RECAP,1.0
60044,60044,99.00,10,0,10,10,0,1.0,0.0,1.0,0.0,Margarita Lopez Torres RECAP,1.0
60045,60045,99.00,155,1,156,155,1,0.9935897435897436,0.00641025641025641,0.9935897435897436,0.00641025641025641,Margarita Lopez Torres RECAP,0.9935897435897436
60046,60046,99.00,209,0,209,209,0,1.0,0.0,1.0,0.0,Margarita Lopez Torres RECAP,1.0
60047,60047,99.00,133,0,133,133,0,1.0,0.0,1.0,0.0,Margarita Lopez Torres RECAP,1.0
60048,60048,66.67,6,0,6,6,0,1.0,0.0,1.0,0.0,Margarita Lopez Torres RECAP,1.0
60049,60049,66.67,137,0,137,137,0,1.0,0.0,1.0,0.0,Margarita Lopez Torres RECAP,1.0
60050,60050,66.67,0,0,0,0,0,0,0,0,0,n/a,0
60051,60051,66.67,148,0,148,148,0,1.0,0.0,1.0,0.0,Margarita Lopez Torres RECAP,1.0
60052,60052,99.00,125,0,125,125,0,1.0,0.0,1.0,0.0,Margarita Lopez Torres RECAP,1.0
60053,60053,99.00,140,0,140,140,0,1.0,0.0,1.0,0.0,Margarita Lopez Torres RECAP,1.0
60054,60054,99.00,233,0,233,233,0,1.0,0.0,1.0,0.0,Margarita Lopez Torres RECAP,1.0
60055,60055,99.00,252,0,252,252,0,1.0,0.0,1.0,0.0,Margarita Lopez Torres RECAP,1.0
60056,60056,99.00,219,0,219,219,0,1.0,0.0,1.0,0.0,Margarita Lopez Torres RECAP,1.0
60057,60057,99.00,141,0,141,141,0,1.0,0.0,1.0,0.0,Margarita Lopez Torres RECAP,1.0
60058,60058,99.00,115,0,115,115,0,1.0,0.0,1.0,0.0,Margarita Lopez Torres RECAP,1.0
60059,60059,99.00,5,0,5,5,0,1.0,0.0,1.0,0.0,Margarita Lopez Torres RECAP,1.0
60060,60060,99.00,177,0,177,177,0,1.0,0.0,1.0,0.0,Margarita Lopez Torres RECAP,1.0
60061,60061,99.00,9,0,9,9,0,1.0,0.0,1.0,0.0,Margarita Lopez Torres RECAP,1.0
60062,60062,99.00,148,0,148,148,0,1.0,0.0,1.0,0.0,Margarita Lopez Torres RECAP,1.0
60063,60063,99.00,173,0,173,173,0,1.0,0.0,1.0,0.0,Margarita Lopez Torres RECAP,1.0
60064,60064,99.00,5,0,5,5,0,1.0,0.0,1.0,0.0,Margarita Lopez Torres RECAP,1.0
60065,60065,99.00,149,0,149,149,0,1.0,0.0,1.0,0.0,Margarita Lopez Torres RECAP,1.0
60066,60066,99.00,182,0,182,182,0,1.0,0.0,1.0,0.0,Margarita Lopez Torres RECAP,1.0
60067,60067,99.00,0,0,0,0,0,0,0,0,0,n/a,0
60068,60068,99.00,4,0,4,4,0,1.0,0.0,1.0,0.0,Margarita Lopez Torres RECAP,1.0
60069,60069,99.00,3,0,3,3,0,1.0,0.0,1.0,0.0,Margarita Lopez Torres RECAP,1.0
60070,60070,99.00,7,0,7,7,0,1.0,0.0,1.0,0.0,Margarita Lopez Torres RECAP,1.0
60071,60071,99.00,155,1,156,155,1,0.9935897435897436,0.00641025641025641,0.9935897435897436,0.00641025641025641,Margarita Lopez Torres RECAP,0.9935897435897436
60072,60072,99.00,184,1,185,184,1,0.9945945945945946,0.005405405405405406,0.9945945945945946,0.005405405405405406,Margarita Lopez Torres RECAP,0.9945945945945946
60073,60073,99.00,1,0,1,1,0,1.0,0.0,1.0,0.0,Margarita Lopez Torres RECAP,1.0
60074,60074,99.00,183,0,183,183,0,1.0,0.0,1.0,0.0,Margarita Lopez Torres RECAP,1.0
60075,60075,99.00,190,0,190,190,0,1.0,0.0,1.0,0.0,Margarita Lopez Torres RECAP,1.0
60076,60076,99.00,4,0,4,4,0,1.0,0.0,1.0,0.0,Margarita Lopez Torres RECAP,1.0
60077,60077,99.00,6,0,6,6,0,1.0,0.0,1.0,0.0,Margarita Lopez Torres RECAP,1.0
60078,60078,99.00,257,0,257,257,0,1.0,0.0,1.0,0.0,Margarita Lopez Torres RECAP,1.0
60079,60079,99.00,105,0,105,105,0,1.0,0.0,1.0,0.0,Margarita Lopez Torres RECAP,1.0
60080,60080,99.00,118,0,118,118,0,1.0,0.0,1.0,0.0,Margarita Lopez Torres RECAP,1.0
60081,60081,99.00,286,0,286,286,0,1.0,0.0,1.0,0.0,Margarita Lopez Torres RECAP,1.0
60082,60082,99.00,268,1,269,268,1,0.9962825278810409,0.0037174721189591076,0.9962825278810409,0.0037174721189591076,Margarita Lopez Torres RECAP,0.9962825278810409
60083,60083,22.22,187,0,187,187,0,1.0,0.0,1.0,0.0,Margarita Lopez Torres RECAP,1.0
60084,60084,22.22,25,0,25,25,0,1.0,0.0,1.0,0.0,Margarita Lopez Torres RECAP,1.0
60085,60085,99.00,246,0,246,246,0,1.0,0.0,1.0,0.0,Margarita Lopez Torres RECAP,1.0
60086,60086,22.22,297,1,298,297,1,0.9966442953020134,0.003355704697986577,0.9966442953020134,0.003355704697986577,Margarita Lopez Torres RECAP,0.9966442953020134
60087,60087,99.00,6,0,6,6,0,1.0,0.0,1.0,0.0,Margarita Lopez Torres RECAP,1.0
60088,60088,99.00,113,0,113,113,0,1.0,0.0,1.0,0.0,Margarita Lopez Torres RECAP,1.0
60089,60089,99.00,3,0,3,3,0,1.0,0.0,1.0,0.0,Margarita Lopez Torres RECAP,1.0
60090,60090,99.00,5,0,5,5,0,1.0,0.0,1.0,0.0,Margarita Lopez Torres RECAP,1.0
60091,60091,66.67,107,0,107,107,0,1.0,0.0,1.0,0.0,Margarita Lopez Torres RECAP,1.0
64075,64075,99.00,135,1,136,135,1,0.9926470588235294,0.007352941176470588,0.9926470588235294,0.007352941176470588,Margarita Lopez Torres RECAP,0.9926470588235294
64076,64076,99.00,135,2,137,135,2,0.9854014598540146,0.014598540145985401,0.9854014598540146,0.014598540145985401,Margarita Lopez Torres RECAP,0.9854014598540146
64077,64077,99.00,151,2,153,151,2,0.9869281045751634,0.013071895424836602,0.9869281045751634,0.013071895424836602,Margarita Lopez Torres RECAP,0.9869281045751634
64078,64078,99.00,9,0,9,9,0,1.0,0.0,1.0,0.0,Margarita Lopez Torres RECAP,1.0
64079,64079,99.00,248,4,252,248,4,0.9841269841269841,0.015873015873015872,0.9841269841269841,0.015873015873015872,Margarita Lopez Torres RECAP,0.9841269841269841
64080,64080,99.00,178,3,181,178,3,0.9834254143646409,0.016574585635359115,0.9834254143646409,0.016574585635359115,Margarita Lopez Torres RECAP,0.9834254143646409
64081,64081,99.00,3,1,4,3,1,0.75,0.25,0.75,0.25,Margarita Lopez Torres RECAP,0.75
64082,64082,99.00,0,0,0,0,0,0,0,0,0,n/a,0
64083,64083,99.00,163,2,165,163,2,0.9878787878787879,0.012121212121212121,0.9878787878787879,0.012121212121212121,Margarita Lopez Torres RECAP,0.9878787878787879
64084,64084,99.00,151,0,151,151,0,1.0,0.0,1.0,0.0,Margarita Lopez Torres RECAP,1.0
64085,64085,99.00,18,0,18,18,0,1.0,0.0,1.0,0.0,Margarita Lopez Torres RECAP,1.0
64086,64086,99.00,147,2,149,147,2,0.9865771812080537,0.013422818791946308,0.9865771812080537,0.013422818791946308,Margarita Lopez Torres RECAP,0.9865771812080537
64087,64087,99.00,146,1,147,146,1,0.9931972789115646,0.006802721088435374,0.9931972789115646,0.006802721088435374,Margarita Lopez Torres RECAP,0.9931972789115646
64088,64088,99.00,139,5,144,139,5,0.9652777777777778,0.034722222222222224,0.9652777777777778,0.034722222222222224,Margarita Lopez Torres RECAP,0.9652777777777778
64089,64089,33.33,117,5,122,117,5,0.9590163934426229,0.040983606557377046,0.9590163934426229,0.040983606557377046,Margarita Lopez Torres RECAP,0.9590163934426229
64090,64090,0.00,18,0,18,18,0,1.0,0.0,1.0,0.0,Margarita Lopez Torres RECAP,1.0
64091,64091,33.33,12,2,14,12,2,0.8571428571428571,0.14285714285714285,0.8571428571428571,0.14285714285714285,Margarita Lopez Torres RECAP,0.8571428571428571
64092,64092,99.00,203,9,212,203,9,0.9575471698113207,0.04245283018867924,0.9575471698113207,0.04245283018867924,Margarita Lopez Torres RECAP,0.9575471698113207
64093,64093,99.00,152,4,156,152,4,0.9743589743589743,0.02564102564102564,0.9743589743589743,0.02564102564102564,Margarita Lopez Torres RECAP,0.9743589743589743
64094,64094,99.00,0,0,0,0,0,0,0,0,0,n/a,0
64095,64095,99.00,0,0,0,0,0,0,0,0,0,n/a,0
64096,64096,33.33,0,0,0,0,0,0,0,0,0,n/a,0
64097,64097,99.00,0,0,0,0,0,0,0,0,0,n/a,0
64098,64098,33.33,0,0,0,0,0,0,0,0,0,n/a,0
64099,64099,33.33,0,0,0,0,0,0,0,0,0,n/a,0
